0	0.50757
0.001	0.50483
0.002	0.50254
0.003	0.51927
0.004	0.49995
0.005	0.52321
0.006	0.52338
0.007	0.53188
0.008	0.52187
0.009	0.5059
0.01	0.53157
0.011	0.51083
0.012	0.50864
0.013	0.51976
0.014	0.51947
0.015	0.52537
0.016	0.5377
0.017	0.5326
0.018	0.52271
0.019	0.51321
0.02	0.53673
0.021	0.53033
0.022	0.49737
0.023	0.51236
0.024	0.52926
0.025	0.53692
0.026	0.5374
0.027	0.53591
0.028	0.54254
0.029	0.53454
0.03	0.54259
0.031	0.53235
0.032	0.53314
0.033	0.52066
0.034	0.54333
0.035	0.52357
0.036	0.55064
0.037	0.53907
0.038	0.53303
0.039	0.54191
0.04	0.53275
0.041	0.56355
0.042	0.54933
0.043	0.53694
0.044	0.54316
0.045	0.52686
0.046	0.53609
0.047	0.54606
0.048	0.54919
0.049	0.57023
0.05	0.55136
0.051	0.54474
0.052	0.55238
0.053	0.56618
0.054	0.54297
0.055	0.52773
0.056	0.56653
0.057	0.5496
0.058	0.57469
0.059	0.55315
0.06	0.55905
0.061	0.56775
0.062	0.57217
0.063	0.55684
0.064	0.56464
0.065	0.56089
0.066	0.56427
0.067	0.54793
0.068	0.57295
0.069	0.56057
0.07	0.58417
0.071	0.56148
0.072	0.54227
0.073	0.54902
0.074	0.57963
0.075	0.58882
0.076	0.58025
0.077	0.55856
0.078	0.55897
0.079	0.57448
0.08	0.57291
0.081	0.57504
0.082	0.56134
0.083	0.57609
0.084	0.5793
0.085	0.59726
0.086	0.59224
0.087	0.56915
0.088	0.58119
0.089	0.57244
0.09	0.57915
0.091	0.58539
0.092	0.57011
0.093	0.57129
0.094	0.55617
0.095	0.58092
0.096	0.56386
0.097	0.58039
0.098	0.57636
0.099	0.57474
0.1	0.59521
0.101	0.58173
0.102	0.57822
0.103	0.58506
0.104	0.60493
0.105	0.58552
0.106	0.59308
0.107	0.59311
0.108	0.58666
0.109	0.58447
0.11	0.57326
0.111	0.59623
0.112	0.58316
0.113	0.57984
0.114	0.592
0.115	0.59899
0.116	0.59331
0.117	0.58769
0.118	0.59168
0.119	0.59444
0.12	0.58004
0.121	0.59692
0.122	0.6073
0.123	0.58156
0.124	0.58148
0.125	0.60818
0.126	0.60603
0.127	0.58277
0.128	0.60794
0.129	0.60027
0.13	0.59744
0.131	0.61811
0.132	0.61026
0.133	0.64663
0.134	0.61715
0.135	0.61391
0.136	0.61012
0.137	0.58615
0.138	0.61444
0.139	0.61697
0.14	0.60912
0.141	0.58709
0.142	0.60697
0.143	0.61501
0.144	0.59302
0.145	0.58286
0.146	0.625
0.147	0.59191
0.148	0.61721
0.149	0.60511
0.15	0.62762
0.151	0.62252
0.152	0.61037
0.153	0.60516
0.154	0.59354
0.155	0.61915
0.156	0.60175
0.157	0.6286
0.158	0.61558
0.159	0.60298
0.16	0.60777
0.161	0.62751
0.162	0.62943
0.163	0.61976
0.164	0.60595
0.165	0.62371
0.166	0.61946
0.167	0.6232
0.168	0.60676
0.169	0.6105
0.17	0.6212
0.171	0.6045
0.172	0.62256
0.173	0.61832
0.174	0.63058
0.175	0.63326
0.176	0.59587
0.177	0.61105
0.178	0.61646
0.179	0.62811
0.18	0.64593
0.181	0.62869
0.182	0.61213
0.183	0.63615
0.184	0.6136
0.185	0.61849
0.186	0.64012
0.187	0.61785
0.188	0.62717
0.189	0.61079
0.19	0.61687
0.191	0.60628
0.192	0.60461
0.193	0.63433
0.194	0.64795
0.195	0.62295
0.196	0.60231
0.197	0.62021
0.198	0.63529
0.199	0.64785
0.2	0.61892
0.201	0.61747
0.202	0.61549
0.203	0.62731
0.204	0.62842
0.205	0.6327
0.206	0.63085
0.207	0.63744
0.208	0.63951
0.209	0.64189
0.21	0.63907
0.211	0.65901
0.212	0.63729
0.213	0.65077
0.214	0.63783
0.215	0.63044
0.216	0.64848
0.217	0.66387
0.218	0.64519
0.219	0.63487
0.22	0.64394
0.221	0.65347
0.222	0.64117
0.223	0.64024
0.224	0.6344
0.225	0.63664
0.226	0.662
0.227	0.64207
0.228	0.63133
0.229	0.63778
0.23	0.65934
0.231	0.6512
0.232	0.64876
0.233	0.64003
0.234	0.65854
0.235	0.64301
0.236	0.66883
0.237	0.66291
0.238	0.65178
0.239	0.66412
0.24	0.64022
0.241	0.63718
0.242	0.64107
0.243	0.64915
0.244	0.65304
0.245	0.63784
0.246	0.65247
0.247	0.64827
0.248	0.65728
0.249	0.66656
0.25	0.6412
0.251	0.6594
0.252	0.6394
0.253	0.66201
0.254	0.6537
0.255	0.64177
0.256	0.64788
0.257	0.64411
0.258	0.6736
0.259	0.6481
0.26	0.63441
0.261	0.64078
0.262	0.64287
0.263	0.67712
0.264	0.64635
0.265	0.67397
0.266	0.66721
0.267	0.66887
0.268	0.65151
0.269	0.66247
0.27	0.66676
0.271	0.66994
0.272	0.66767
0.273	0.68495
0.274	0.66927
0.275	0.65931
0.276	0.66684
0.277	0.66594
0.278	0.66179
0.279	0.67085
0.28	0.65936
0.281	0.67291
0.282	0.66759
0.283	0.67238
0.284	0.65445
0.285	0.6613
0.286	0.67648
0.287	0.6795
0.288	0.68482
0.289	0.68673
0.29	0.67109
0.291	0.67486
0.292	0.66311
0.293	0.67866
0.294	0.70775
0.295	0.66743
0.296	0.68294
0.297	0.68167
0.298	0.66917
0.299	0.67088
0.3	0.68391
0.301	0.67272
0.302	0.67168
0.303	0.65751
0.304	0.6862
0.305	0.67177
0.306	0.67566
0.307	0.67493
0.308	0.67842
0.309	0.6755
0.31	0.67882
0.311	0.69093
0.312	0.68888
0.313	0.70377
0.314	0.66408
0.315	0.68062
0.316	0.68034
0.317	0.68097
0.318	0.65946
0.319	0.69186
0.32	0.68259
0.321	0.6908
0.322	0.68041
0.323	0.69036
0.324	0.65866
0.325	0.70321
0.326	0.69357
0.327	0.69336
0.328	0.70211
0.329	0.69188
0.33	0.68082
0.331	0.67998
0.332	0.63334
0.333	0.68693
0.334	0.69217
0.335	0.69409
0.336	0.67619
0.337	0.71597
0.338	0.68188
0.339	0.65904
0.34	0.68456
0.341	0.69591
0.342	0.711
0.343	0.68072
0.344	0.68977
0.345	0.70666
0.346	0.70007
0.347	0.69227
0.348	0.6918
0.349	0.69733
0.35	0.71102
0.351	0.70586
0.352	0.69712
0.353	0.72088
0.354	0.69684
0.355	0.6983
0.356	0.69522
0.357	0.67297
0.358	0.72663
0.359	0.68109
0.36	0.69164
0.361	0.68546
0.362	0.68563
0.363	0.69589
0.364	0.70724
0.365	0.69127
0.366	0.70291
0.367	0.70366
0.368	0.73711
0.369	0.69732
0.37	0.71938
0.371	0.7128
0.372	0.71782
0.373	0.69788
0.374	0.7128
0.375	0.70087
0.376	0.70231
0.377	0.69917
0.378	0.69667
0.379	0.7028
0.38	0.70882
0.381	0.68042
0.382	0.69343
0.383	0.6988
0.384	0.69547
0.385	0.68142
0.386	0.70159
0.387	0.69629
0.388	0.68993
0.389	0.73492
0.39	0.68125
0.391	0.7193
0.392	0.69916
0.393	0.69503
0.394	0.71047
0.395	0.68395
0.396	0.70111
0.397	0.6917
0.398	0.71974
0.399	0.70361
0.4	0.73228
0.401	0.73649
0.402	0.7305
0.403	0.71056
0.404	0.72993
0.405	0.71599
0.406	0.71785
0.407	0.72248
0.408	0.70346
0.409	0.70165
0.41	0.71115
0.411	0.72124
0.412	0.72289
0.413	0.68534
0.414	0.70535
0.415	0.70388
0.416	0.71373
0.417	0.69736
0.418	0.7012
0.419	0.71839
0.42	0.71074
0.421	0.71204
0.422	0.7328
0.423	0.72309
0.424	0.71026
0.425	0.7058
0.426	0.72082
0.427	0.74659
0.428	0.73934
0.429	0.71661
0.43	0.70072
0.431	0.71031
0.432	0.72077
0.433	0.71081
0.434	0.72504
0.435	0.72767
0.436	0.7308
0.437	0.7298
0.438	0.69889
0.439	0.70857
0.44	0.71813
0.441	0.69848
0.442	0.72227
0.443	0.70232
0.444	0.72705
0.445	0.73412
0.446	0.73906
0.447	0.73275
0.448	0.71354
0.449	0.70448
0.45	0.72978
0.451	0.72502
0.452	0.7147
0.453	0.70795
0.454	0.71718
0.455	0.72275
0.456	0.72388
0.457	0.72638
0.458	0.72825
0.459	0.74386
0.46	0.73712
0.461	0.73462
0.462	0.73014
0.463	0.73163
0.464	0.73232
0.465	0.71494
0.466	0.73625
0.467	0.73148
0.468	0.70082
0.469	0.71471
0.47	0.73676
0.471	0.73907
0.472	0.72185
0.473	0.73149
0.474	0.72755
0.475	0.73963
0.476	0.74404
0.477	0.71899
0.478	0.72164
0.479	0.73191
0.48	0.73424
0.481	0.75952
0.482	0.72284
0.483	0.72975
0.484	0.7362
0.485	0.74836
0.486	0.71572
0.487	0.71198
0.488	0.73076
0.489	0.73488
0.49	0.73524
0.491	0.75198
0.492	0.7333
0.493	0.74464
0.494	0.73537
0.495	0.72203
0.496	0.73456
0.497	0.74736
0.498	0.70295
0.499	0.75901
0.5	0.743
0.501	0.74741
0.502	0.7545
0.503	0.73943
0.504	0.74757
0.505	0.73763
0.506	0.76863
0.507	0.72055
0.508	0.74744
0.509	0.74627
0.51	0.73123
0.511	0.72766
0.512	0.7145
0.513	0.73659
0.514	0.75887
0.515	0.73171
0.516	0.7427
0.517	0.75069
0.518	0.75414
0.519	0.72711
0.52	0.75262
0.521	0.73353
0.522	0.73767
0.523	0.74216
0.524	0.76394
0.525	0.74073
0.526	0.75863
0.527	0.7517
0.528	0.73014
0.529	0.7316
0.53	0.73964
0.531	0.73235
0.532	0.74988
0.533	0.74543
0.534	0.7528
0.535	0.74047
0.536	0.74957
0.537	0.75212
0.538	0.74194
0.539	0.76146
0.54	0.7392
0.541	0.74827
0.542	0.74344
0.543	0.71199
0.544	0.76115
0.545	0.72841
0.546	0.74525
0.547	0.76033
0.548	0.75812
0.549	0.75397
0.55	0.754
0.551	0.75041
0.552	0.75218
0.553	0.74755
0.554	0.74429
0.555	0.72498
0.556	0.75422
0.557	0.80494
0.558	0.76721
0.559	0.76243
0.56	0.74876
0.561	0.75398
0.562	0.75397
0.563	0.75031
0.564	0.75256
0.565	0.75609
0.566	0.75007
0.567	0.76526
0.568	0.76255
0.569	0.74103
0.57	0.75221
0.571	0.74408
0.572	0.72322
0.573	0.7279
0.574	0.74951
0.575	0.78768
0.576	0.75993
0.577	0.75654
0.578	0.76109
0.579	0.76963
0.58	0.76712
0.581	0.74341
0.582	0.76223
0.583	0.7628
0.584	0.75937
0.585	0.73986
0.586	0.76757
0.587	0.74573
0.588	0.77681
0.589	0.72858
0.59	0.75179
0.591	0.74298
0.592	0.75715
0.593	0.76055
0.594	0.76416
0.595	0.73924
0.596	0.78552
0.597	0.78092
0.598	0.76556
0.599	0.7673
0.6	0.75403
0.601	0.76841
0.602	0.74097
0.603	0.75695
0.604	0.75997
0.605	0.73541
0.606	0.74012
0.607	0.76823
0.608	0.79674
0.609	0.76988
0.61	0.78244
0.611	0.75169
0.612	0.75623
0.613	0.76789
0.614	0.75274
0.615	0.76444
0.616	0.75284
0.617	0.77346
0.618	0.77609
0.619	0.78144
0.62	0.76267
0.621	0.7983
0.622	0.79676
0.623	0.76265
0.624	0.76628
0.625	0.77843
0.626	0.78286
0.627	0.79383
0.628	0.76868
0.629	0.74755
0.63	0.7496
0.631	0.75733
0.632	0.76906
0.633	0.79054
0.634	0.78959
0.635	0.76831
0.636	0.73921
0.637	0.79192
0.638	0.77427
0.639	0.77969
0.64	0.78845
0.641	0.75315
0.642	0.77828
0.643	0.76809
0.644	0.78877
0.645	0.76923
0.646	0.7767
0.647	0.76846
0.648	0.77148
0.649	0.78403
0.65	0.75973
0.651	0.76471
0.652	0.78157
0.653	0.76218
0.654	0.7676
0.655	0.77108
0.656	0.7829
0.657	0.76365
0.658	0.75902
0.659	0.75848
0.66	0.76786
0.661	0.78851
0.662	0.78117
0.663	0.76895
0.664	0.76384
0.665	0.78637
0.666	0.74531
0.667	0.77326
0.668	0.77855
0.669	0.77318
0.67	0.77658
0.671	0.78954
0.672	0.76209
0.673	0.75887
0.674	0.78181
0.675	0.77376
0.676	0.74702
0.677	0.77278
0.678	0.78455
0.679	0.78918
0.68	0.76542
0.681	0.7716
0.682	0.78202
0.683	0.77672
0.684	0.80752
0.685	0.79451
0.686	0.77795
0.687	0.7716
0.688	0.78989
0.689	0.78434
0.69	0.78166
0.691	0.78975
0.692	0.80737
0.693	0.77874
0.694	0.78077
0.695	0.78787
0.696	0.78205
0.697	0.79205
0.698	0.78404
0.699	0.79148
0.7	0.78145
0.701	0.78441
0.702	0.77614
0.703	0.77395
0.704	0.79574
0.705	0.77085
0.706	0.76612
0.707	0.77886
0.708	0.78575
0.709	0.78164
0.71	0.78369
0.711	0.78151
0.712	0.77638
0.713	0.77967
0.714	0.79113
0.715	0.76936
0.716	0.79031
0.717	0.7859
0.718	0.78036
0.719	0.77986
0.72	0.78385
0.721	0.77375
0.722	0.77657
0.723	0.76227
0.724	0.78516
0.725	0.77225
0.726	0.80531
0.727	0.78663
0.728	0.78033
0.729	0.80173
0.73	0.77659
0.731	0.76308
0.732	0.77104
0.733	0.79346
0.734	0.78038
0.735	0.76724
0.736	0.78664
0.737	0.77139
0.738	0.78029
0.739	0.77497
0.74	0.76898
0.741	0.79082
0.742	0.80096
0.743	0.79033
0.744	0.80331
0.745	0.78596
0.746	0.8016
0.747	0.79844
0.748	0.7633
0.749	0.78331
0.75	0.79086
0.751	0.78435
0.752	0.79062
0.753	0.7805
0.754	0.78476
0.755	0.77785
0.756	0.77721
0.757	0.77534
0.758	0.78545
0.759	0.78626
0.76	0.80229
0.761	0.79256
0.762	0.79311
0.763	0.78649
0.764	0.81087
0.765	0.7893
0.766	0.77316
0.767	0.79592
0.768	0.80296
0.769	0.77721
0.77	0.78347
0.771	0.77196
0.772	0.77573
0.773	0.80081
0.774	0.81131
0.775	0.77967
0.776	0.79541
0.777	0.80601
0.778	0.81156
0.779	0.79165
0.78	0.78509
0.781	0.82351
0.782	0.7952
0.783	0.76284
0.784	0.78784
0.785	0.78961
0.786	0.8049
0.787	0.79956
0.788	0.7809
0.789	0.78913
0.79	0.79277
0.791	0.82256
0.792	0.81588
0.793	0.79234
0.794	0.75676
0.795	0.80625
0.796	0.81175
0.797	0.79787
0.798	0.77421
0.799	0.78916
0.8	0.8019
0.801	0.79676
0.802	0.78052
0.803	0.80588
0.804	0.78472
0.805	0.80732
0.806	0.80084
0.807	0.802
0.808	0.80788
0.809	0.79032
0.81	0.79028
0.811	0.78459
0.812	0.82178
0.813	0.78547
0.814	0.82087
0.815	0.77679
0.816	0.79845
0.817	0.82198
0.818	0.80692
0.819	0.80717
0.82	0.78183
0.821	0.80645
0.822	0.80529
0.823	0.80886
0.824	0.7873
0.825	0.82149
0.826	0.79022
0.827	0.79114
0.828	0.80765
0.829	0.80416
0.83	0.8266
0.831	0.80762
0.832	0.79644
0.833	0.78229
0.834	0.81148
0.835	0.8179
0.836	0.81115
0.837	0.80066
0.838	0.77128
0.839	0.78887
0.84	0.79411
0.841	0.79437
0.842	0.77179
0.843	0.79446
0.844	0.8139
0.845	0.79556
0.846	0.79308
0.847	0.81607
0.848	0.7993
0.849	0.80641
0.85	0.80543
0.851	0.82191
0.852	0.80781
0.853	0.80375
0.854	0.80153
0.855	0.81552
0.856	0.79012
0.857	0.81066
0.858	0.79977
0.859	0.82357
0.86	0.79957
0.861	0.80895
0.862	0.80633
0.863	0.84779
0.864	0.79335
0.865	0.77442
0.866	0.81154
0.867	0.78695
0.868	0.81192
0.869	0.81177
0.87	0.77926
0.871	0.80204
0.872	0.81627
0.873	0.82978
0.874	0.80991
0.875	0.81098
0.876	0.80388
0.877	0.82372
0.878	0.80978
0.879	0.78361
0.88	0.81217
0.881	0.8097
0.882	0.80852
0.883	0.81529
0.884	0.81124
0.885	0.79652
0.886	0.81981
0.887	0.79716
0.888	0.81331
0.889	0.83513
0.89	0.80903
0.891	0.80846
0.892	0.81808
0.893	0.81848
0.894	0.8333
0.895	0.82367
0.896	0.80629
0.897	0.80932
0.898	0.80975
0.899	0.80011
0.9	0.80098
0.901	0.79765
0.902	0.8166
0.903	0.80132
0.904	0.83152
0.905	0.82323
0.906	0.80042
0.907	0.81068
0.908	0.83448
0.909	0.81827
0.91	0.80991
0.911	0.80732
0.912	0.81179
0.913	0.80704
0.914	0.82498
0.915	0.81346
0.916	0.80611
0.917	0.83726
0.918	0.81846
0.919	0.80725
0.92	0.80975
0.921	0.79915
0.922	0.80504
0.923	0.79218
0.924	0.79357
0.925	0.80966
0.926	0.81237
0.927	0.79247
0.928	0.82254
0.929	0.81806
0.93	0.82581
0.931	0.83651
0.932	0.83612
0.933	0.82994
0.934	0.82707
0.935	0.80743
0.936	0.79799
0.937	0.80668
0.938	0.81938
0.939	0.80317
0.94	0.8383
0.941	0.84672
0.942	0.83084
0.943	0.81088
0.944	0.82316
0.945	0.79744
0.946	0.82812
0.947	0.81665
0.948	0.83353
0.949	0.80134
0.95	0.8173
0.951	0.8034
0.952	0.79712
0.953	0.81365
0.954	0.83568
0.955	0.81824
0.956	0.82056
0.957	0.82628
0.958	0.82559
0.959	0.82413
0.96	0.8177
0.961	0.81573
0.962	0.82611
0.963	0.79384
0.964	0.80284
0.965	0.82455
0.966	0.82097
0.967	0.81719
0.968	0.82652
0.969	0.81354
0.97	0.81912
0.971	0.82348
0.972	0.81383
0.973	0.83702
0.974	0.81396
0.975	0.81323
0.976	0.83828
0.977	0.82609
0.978	0.80776
0.979	0.81922
0.98	0.83346
0.981	0.81899
0.982	0.81317
0.983	0.80894
0.984	0.82046
0.985	0.81694
0.986	0.80572
0.987	0.83276
0.988	0.81462
0.989	0.83203
0.99	0.82958
0.991	0.83225
0.992	0.81919
0.993	0.84472
0.994	0.83115
0.995	0.83351
0.996	0.80257
0.997	0.81471
0.998	0.80369
0.999	0.81099
1	0.83389
1.001	0.82591
1.002	0.79699
1.003	0.81964
1.004	0.79601
1.005	0.80287
1.006	0.81618
1.007	0.81873
1.008	0.84344
1.009	0.79904
1.01	0.8194
1.011	0.8143
1.012	0.81976
1.013	0.80116
1.014	0.83499
1.015	0.81748
1.016	0.82379
1.017	0.85345
1.018	0.82642
1.019	0.81797
1.02	0.81727
1.021	0.81021
1.022	0.81694
1.023	0.83084
1.024	0.80669
1.025	0.83786
1.026	0.83743
1.027	0.83444
1.028	0.84171
1.029	0.81586
1.03	0.83212
1.031	0.82841
1.032	0.82487
1.033	0.80564
1.034	0.81473
1.035	0.82628
1.036	0.81194
1.037	0.82341
1.038	0.84928
1.039	0.82456
1.04	0.80502
1.041	0.82295
1.042	0.81739
1.043	0.81388
1.044	0.80949
1.045	0.83319
1.046	0.85249
1.047	0.82512
1.048	0.83886
1.049	0.81062
1.05	0.8268
1.051	0.84753
1.052	0.81197
1.053	0.81761
1.054	0.82426
1.055	0.82892
1.056	0.86244
1.057	0.82623
1.058	0.8173
1.059	0.8326
1.06	0.83144
1.061	0.82746
1.062	0.8543
1.063	0.83291
1.064	0.82328
1.065	0.85212
1.066	0.85295
1.067	0.83347
1.068	0.83415
1.069	0.84599
1.07	0.84374
1.071	0.82502
1.072	0.81993
1.073	0.81008
1.074	0.82113
1.075	0.84439
1.076	0.85102
1.077	0.83809
1.078	0.83597
1.079	0.82012
1.08	0.82496
1.081	0.80303
1.082	0.82091
1.083	0.83571
1.084	0.84003
1.085	0.81864
1.086	0.84222
1.087	0.85261
1.088	0.82606
1.089	0.86165
1.09	0.83305
1.091	0.81313
1.092	0.84815
1.093	0.8417
1.094	0.81493
1.095	0.82849
1.096	0.8229
1.097	0.84555
1.098	0.84435
1.099	0.82363
1.1	0.82712
1.101	0.84743
1.102	0.84364
1.103	0.8469
1.104	0.8536
1.105	0.82683
1.106	0.82791
1.107	0.84993
1.108	0.81333
1.109	0.83101
1.11	0.84216
1.111	0.82411
1.112	0.85402
1.113	0.83471
1.114	0.81176
1.115	0.84299
1.116	0.83526
1.117	0.83553
1.118	0.86505
1.119	0.81211
1.12	0.82456
1.121	0.83444
1.122	0.81778
1.123	0.8519
1.124	0.8545
1.125	0.82236
1.126	0.82016
1.127	0.82484
1.128	0.82406
1.129	0.83737
1.13	0.83287
1.131	0.88275
1.132	0.85565
1.133	0.82439
1.134	0.83598
1.135	0.85192
1.136	0.83294
1.137	0.82181
1.138	0.85781
1.139	0.84038
1.14	0.84288
1.141	0.84506
1.142	0.82114
1.143	0.86203
1.144	0.85631
1.145	0.84091
1.146	0.83699
1.147	0.86819
1.148	0.85149
1.149	0.83242
1.15	0.84585
1.151	0.84677
1.152	0.85968
1.153	0.82543
1.154	0.84174
1.155	0.83294
1.156	0.83295
1.157	0.8293
1.158	0.8328
1.159	0.86507
1.16	0.84394
1.161	0.84313
1.162	0.83417
1.163	0.83685
1.164	0.83104
1.165	0.84364
1.166	0.83094
1.167	0.83553
1.168	0.8204
1.169	0.80907
1.17	0.83262
1.171	0.8559
1.172	0.85879
1.173	0.83083
1.174	0.82817
1.175	0.8282
1.176	0.8314
1.177	0.8391
1.178	0.84508
1.179	0.8261
1.18	0.84841
1.181	0.85024
1.182	0.8494
1.183	0.8357
1.184	0.86234
1.185	0.8418
1.186	0.83555
1.187	0.85394
1.188	0.81827
1.189	0.83693
1.19	0.84775
1.191	0.84125
1.192	0.80696
1.193	0.81808
1.194	0.83076
1.195	0.83547
1.196	0.84302
1.197	0.87242
1.198	0.83386
1.199	0.85061
1.2	0.83196
1.201	0.85696
1.202	0.84176
1.203	0.85636
1.204	0.87062
1.205	0.84801
1.206	0.85118
1.207	0.84095
1.208	0.81787
1.209	0.86332
1.21	0.8413
1.211	0.84266
1.212	0.84655
1.213	0.85554
1.214	0.86587
1.215	0.83415
1.216	0.84855
1.217	0.85961
1.218	0.83733
1.219	0.84323
1.22	0.82985
1.221	0.85177
1.222	0.85986
1.223	0.86276
1.224	0.83784
1.225	0.8492
1.226	0.86061
1.227	0.85574
1.228	0.85278
1.229	0.84912
1.23	0.86084
1.231	0.84251
1.232	0.84113
1.233	0.83454
1.234	0.83535
1.235	0.86535
1.236	0.85283
1.237	0.84883
1.238	0.85052
1.239	0.84905
1.24	0.85427
1.241	0.8592
1.242	0.82956
1.243	0.84728
1.244	0.83316
1.245	0.86953
1.246	0.86706
1.247	0.86872
1.248	0.84241
1.249	0.82501
1.25	0.84895
1.251	0.86639
1.252	0.84469
1.253	0.87575
1.254	0.86371
1.255	0.87177
1.256	0.85619
1.257	0.87452
1.258	0.83912
1.259	0.84958
1.26	0.83807
1.261	0.87496
1.262	0.83607
1.263	0.84757
1.264	0.87126
1.265	0.85578
1.266	0.83673
1.267	0.84052
1.268	0.83478
1.269	0.85531
1.27	0.86367
1.271	0.86492
1.272	0.84379
1.273	0.84729
1.274	0.88583
1.275	0.84969
1.276	0.84601
1.277	0.84941
1.278	0.84673
1.279	0.87211
1.28	0.85073
1.281	0.8665
1.282	0.85186
1.283	0.87175
1.284	0.86407
1.285	0.86162
1.286	0.85724
1.287	0.86535
1.288	0.84847
1.289	0.85301
1.29	0.87065
1.291	0.84773
1.292	0.85729
1.293	0.83978
1.294	0.83173
1.295	0.84842
1.296	0.87906
1.297	0.84453
1.298	0.83627
1.299	0.84623
1.3	0.83332
1.301	0.83763
1.302	0.86442
1.303	0.88535
1.304	0.87709
1.305	0.86737
1.306	0.86694
1.307	0.84115
1.308	0.80812
1.309	0.84545
1.31	0.86255
1.311	0.87314
1.312	0.85898
1.313	0.86759
1.314	0.87071
1.315	0.85563
1.316	0.85369
1.317	0.85938
1.318	0.85638
1.319	0.82937
1.32	0.83985
1.321	0.88435
1.322	0.86457
1.323	0.86087
1.324	0.85814
1.325	0.86044
1.326	0.87069
1.327	0.85235
1.328	0.86194
1.329	0.87676
1.33	0.87366
1.331	0.8531
1.332	0.85889
1.333	0.86282
1.334	0.86867
1.335	0.84168
1.336	0.85487
1.337	0.86622
1.338	0.83475
1.339	0.84532
1.34	0.85456
1.341	0.85033
1.342	0.84463
1.343	0.87236
1.344	0.87384
1.345	0.85504
1.346	0.86966
1.347	0.84203
1.348	0.84123
1.349	0.85579
1.35	0.87615
1.351	0.86774
1.352	0.86407
1.353	0.84318
1.354	0.87436
1.355	0.87576
1.356	0.84953
1.357	0.87349
1.358	0.86091
1.359	0.87313
1.36	0.85121
1.361	0.86652
1.362	0.87265
1.363	0.85627
1.364	0.82553
1.365	0.86806
1.366	0.87054
1.367	0.8844
1.368	0.85714
1.369	0.87011
1.37	0.8802
1.371	0.84649
1.372	0.85875
1.373	0.85554
1.374	0.88279
1.375	0.89219
1.376	0.85496
1.377	0.86752
1.378	0.87287
1.379	0.86081
1.38	0.88126
1.381	0.87914
1.382	0.84991
1.383	0.85948
1.384	0.86735
1.385	0.85133
1.386	0.84168
1.387	0.8517
1.388	0.87622
1.389	0.87124
1.39	0.8622
1.391	0.85852
1.392	0.88888
1.393	0.85885
1.394	0.84936
1.395	0.86086
1.396	0.86027
1.397	0.83752
1.398	0.86873
1.399	0.86679
1.4	0.84595
1.401	0.85939
1.402	0.83843
1.403	0.8595
1.404	0.86511
1.405	0.87299
1.406	0.88222
1.407	0.84423
1.408	0.86656
1.409	0.90236
1.41	0.85805
1.411	0.84585
1.412	0.88155
1.413	0.8619
1.414	0.85368
1.415	0.85952
1.416	0.86866
1.417	0.88266
1.418	0.86588
1.419	0.85848
1.42	0.84806
1.421	0.85393
1.422	0.8393
1.423	0.88197
1.424	0.85224
1.425	0.87785
1.426	0.84541
1.427	0.87372
1.428	0.89161
1.429	0.87576
1.43	0.84811
1.431	0.85299
1.432	0.86324
1.433	0.86478
1.434	0.83386
1.435	0.86042
1.436	0.85988
1.437	0.85765
1.438	0.85533
1.439	0.88568
1.44	0.87311
1.441	0.86334
1.442	0.8698
1.443	0.85816
1.444	0.85359
1.445	0.8606
1.446	0.85536
1.447	0.8558
1.448	0.88205
1.449	0.88087
1.45	0.87172
1.451	0.88075
1.452	0.87714
1.453	0.86542
1.454	0.84305
1.455	0.86289
1.456	0.87432
1.457	0.87176
1.458	0.86545
1.459	0.86122
1.46	0.84755
1.461	0.86844
1.462	0.88304
1.463	0.87216
1.464	0.8572
1.465	0.88196
1.466	0.85581
1.467	0.88192
1.468	0.89333
1.469	0.86296
1.47	0.8792
1.471	0.86127
1.472	0.88511
1.473	0.86677
1.474	0.85687
1.475	0.86815
1.476	0.90229
1.477	0.87659
1.478	0.87798
1.479	0.87855
1.48	0.87531
1.481	0.85082
1.482	0.87579
1.483	0.87284
1.484	0.83548
1.485	0.86069
1.486	0.84765
1.487	0.87477
1.488	0.87012
1.489	0.85602
1.49	0.87429
1.491	0.86976
1.492	0.88347
1.493	0.87163
1.494	0.86607
1.495	0.87242
1.496	0.85312
1.497	0.85653
1.498	0.87402
1.499	0.89418
1.5	0.89052
1.501	0.86122
1.502	0.86561
1.503	0.87856
1.504	0.87323
1.505	0.87539
1.506	0.87273
1.507	0.87699
1.508	0.84593
1.509	0.86154
1.51	0.8493
1.511	0.84868
1.512	0.87862
1.513	0.8711
1.514	0.90705
1.515	0.85047
1.516	0.86293
1.517	0.88718
1.518	0.85899
1.519	0.85413
1.52	0.88921
1.521	0.85958
1.522	0.88088
1.523	0.86629
1.524	0.88619
1.525	0.86622
1.526	0.86244
1.527	0.90605
1.528	0.86246
1.529	0.86157
1.53	0.86998
1.531	0.86432
1.532	0.8754
1.533	0.86162
1.534	0.87701
1.535	0.88696
1.536	0.87392
1.537	0.88899
1.538	0.86172
1.539	0.86115
1.54	0.84566
1.541	0.88234
1.542	0.88391
1.543	0.85705
1.544	0.86268
1.545	0.86885
1.546	0.87006
1.547	0.83291
1.548	0.86423
1.549	0.86318
1.55	0.87067
1.551	0.86632
1.552	0.87889
1.553	0.89067
1.554	0.86891
1.555	0.87541
1.556	0.89849
1.557	0.8843
1.558	0.87389
1.559	0.86407
1.56	0.90634
1.561	0.88265
1.562	0.85288
1.563	0.85567
1.564	0.87895
1.565	0.91202
1.566	0.85009
1.567	0.87072
1.568	0.86502
1.569	0.88623
1.57	0.86373
1.571	0.8645
1.572	0.87229
1.573	0.84613
1.574	0.87388
1.575	0.88313
1.576	0.91395
1.577	0.87898
1.578	0.87182
1.579	0.86711
1.58	0.86143
1.581	0.88957
1.582	0.85921
1.583	0.87857
1.584	0.87805
1.585	0.87755
1.586	0.86934
1.587	0.85729
1.588	0.88151
1.589	0.8751
1.59	0.86036
1.591	0.85927
1.592	0.87632
1.593	0.89673
1.594	0.8922
1.595	0.88127
1.596	0.86238
1.597	0.86607
1.598	0.87115
1.599	0.86485
1.6	0.87792
1.601	0.87317
1.602	0.85704
1.603	0.8678
1.604	0.8907
1.605	0.85804
1.606	0.84644
1.607	0.85729
1.608	0.86722
1.609	0.89284
1.61	0.86486
1.611	0.88454
1.612	0.87803
1.613	0.88023
1.614	0.88588
1.615	0.87113
1.616	0.88783
1.617	0.86553
1.618	0.85456
1.619	0.86556
1.62	0.88523
1.621	0.87174
1.622	0.87592
1.623	0.86388
1.624	0.89034
1.625	0.8699
1.626	0.88027
1.627	0.90331
1.628	0.90107
1.629	0.89282
1.63	0.87582
1.631	0.87142
1.632	0.87123
1.633	0.87185
1.634	0.86078
1.635	0.87988
1.636	0.87539
1.637	0.88519
1.638	0.90259
1.639	0.86609
1.64	0.87908
1.641	0.87553
1.642	0.87384
1.643	0.87328
1.644	0.89917
1.645	0.89004
1.646	0.87248
1.647	0.86469
1.648	0.86393
1.649	0.89642
1.65	0.87798
1.651	0.90412
1.652	0.87071
1.653	0.87219
1.654	0.87967
1.655	0.86784
1.656	0.88687
1.657	0.85882
1.658	0.87219
1.659	0.89608
1.66	0.86125
1.661	0.87533
1.662	0.8625
1.663	0.89504
1.664	0.8711
1.665	0.87045
1.666	0.89821
1.667	0.87366
1.668	0.86108
1.669	0.86284
1.67	0.88485
1.671	0.88037
1.672	0.87567
1.673	0.884
1.674	0.88515
1.675	0.88427
1.676	0.88878
1.677	0.86749
1.678	0.87741
1.679	0.88138
1.68	0.8699
1.681	0.87398
1.682	0.89641
1.683	0.87575
1.684	0.88092
1.685	0.89043
1.686	0.86382
1.687	0.85685
1.688	0.88715
1.689	0.8888
1.69	0.88076
1.691	0.88282
1.692	0.88291
1.693	0.87279
1.694	0.86754
1.695	0.86898
1.696	0.87617
1.697	0.88102
1.698	0.86771
1.699	0.85963
1.7	0.85967
1.701	0.87443
1.702	0.8874
1.703	0.89543
1.704	0.89829
1.705	0.88189
1.706	0.88909
1.707	0.89678
1.708	0.86853
1.709	0.88724
1.71	0.88387
1.711	0.8979
1.712	0.88652
1.713	0.88352
1.714	0.85745
1.715	0.87564
1.716	0.87106
1.717	0.86531
1.718	0.87182
1.719	0.86714
1.72	0.87643
1.721	0.86443
1.722	0.8725
1.723	0.86061
1.724	0.84831
1.725	0.85641
1.726	0.86638
1.727	0.86663
1.728	0.87406
1.729	0.87264
1.73	0.90548
1.731	0.88735
1.732	0.92299
1.733	0.86247
1.734	0.85963
1.735	0.88575
1.736	0.86073
1.737	0.85849
1.738	0.85691
1.739	0.8528
1.74	0.88045
1.741	0.90612
1.742	0.87972
1.743	0.87501
1.744	0.87501
1.745	0.90956
1.746	0.88927
1.747	0.87846
1.748	0.89201
1.749	0.89241
1.75	0.89281
1.751	0.88298
1.752	0.89361
1.753	0.8634
1.754	0.87371
1.755	0.87058
1.756	0.87201
1.757	0.87408
1.758	0.87765
1.759	0.86655
1.76	0.87339
1.761	0.89492
1.762	0.88982
1.763	0.87489
1.764	0.88346
1.765	0.88605
1.766	0.88142
1.767	0.87467
1.768	0.87902
1.769	0.87506
1.77	0.89312
1.771	0.86721
1.772	0.89765
1.773	0.87175
1.774	0.86981
1.775	0.87891
1.776	0.90286
1.777	0.8865
1.778	0.86533
1.779	0.89238
1.78	0.89454
1.781	0.89574
1.782	0.90372
1.783	0.87232
1.784	0.86784
1.785	0.88093
1.786	0.88749
1.787	0.87893
1.788	0.87208
1.789	0.85885
1.79	0.84619
1.791	0.88288
1.792	0.89084
1.793	0.88115
1.794	0.86454
1.795	0.89014
1.796	0.8916
1.797	0.88664
1.798	0.8955
1.799	0.90364
1.8	0.87936
1.801	0.88545
1.802	0.88269
1.803	0.88729
1.804	0.85712
1.805	0.88688
1.806	0.91029
1.807	0.87702
1.808	0.88921
1.809	0.9053
1.81	0.88795
1.811	0.89079
1.812	0.89439
1.813	0.85684
1.814	0.88559
1.815	0.89173
1.816	0.86695
1.817	0.86895
1.818	0.88053
1.819	0.87726
1.82	0.89431
1.821	0.88521
1.822	0.88641
1.823	0.8934
1.824	0.89771
1.825	0.89579
1.826	0.85359
1.827	0.88542
1.828	0.88887
1.829	0.87385
1.83	0.87506
1.831	0.87268
1.832	0.87303
1.833	0.88515
1.834	0.87683
1.835	0.89626
1.836	0.87921
1.837	0.89635
1.838	0.85964
1.839	0.89889
1.84	0.8777
1.841	0.89092
1.842	0.88727
1.843	0.89457
1.844	0.88849
1.845	0.88756
1.846	0.87244
1.847	0.90091
1.848	0.88171
1.849	0.88614
1.85	0.90677
1.851	0.87693
1.852	0.86708
1.853	0.90621
1.854	0.91048
1.855	0.90872
1.856	0.89928
1.857	0.88681
1.858	0.90518
1.859	0.89229
1.86	0.88433
1.861	0.89249
1.862	0.8688
1.863	0.89372
1.864	0.88601
1.865	0.91037
1.866	0.86855
1.867	0.87262
1.868	0.87031
1.869	0.87518
1.87	0.89528
1.871	0.89663
1.872	0.88556
1.873	0.86966
1.874	0.88691
1.875	0.88976
1.876	0.91156
1.877	0.88943
1.878	0.88115
1.879	0.89968
1.88	0.90303
1.881	0.89067
1.882	0.89662
1.883	0.88923
1.884	0.90559
1.885	0.8969
1.886	0.90945
1.887	0.91978
1.888	0.89227
1.889	0.87764
1.89	0.89084
1.891	0.87492
1.892	0.91394
1.893	0.88388
1.894	0.87033
1.895	0.92897
1.896	0.87296
1.897	0.90406
1.898	0.89461
1.899	0.89095
1.9	0.9034
1.901	0.91731
1.902	0.89867
1.903	0.91101
1.904	0.87661
1.905	0.87222
1.906	0.88878
1.907	0.88965
1.908	0.88286
1.909	0.84987
1.91	0.88558
1.911	0.86256
1.912	0.90046
1.913	0.9145
1.914	0.88195
1.915	0.8954
1.916	0.91238
1.917	0.9121
1.918	0.90071
1.919	0.89616
1.92	0.88467
1.921	0.89949
1.922	0.90222
1.923	0.88243
1.924	0.90181
1.925	0.89582
1.926	0.87412
1.927	0.9069
1.928	0.89085
1.929	0.91032
1.93	0.91536
1.931	0.85457
1.932	0.88269
1.933	0.88848
1.934	0.88713
1.935	0.88741
1.936	0.88436
1.937	0.90898
1.938	0.88839
1.939	0.90225
1.94	0.90015
1.941	0.87106
1.942	0.89096
1.943	0.85614
1.944	0.87061
1.945	0.89812
1.946	0.9017
1.947	0.90125
1.948	0.89223
1.949	0.89837
1.95	0.91478
1.951	0.90075
1.952	0.89344
1.953	0.88059
1.954	0.89508
1.955	0.89636
1.956	0.88169
1.957	0.8898
1.958	0.93821
1.959	0.89924
1.96	0.88806
1.961	0.87666
1.962	0.89425
1.963	0.86757
1.964	0.9183
1.965	0.8955
1.966	0.88908
1.967	0.89014
1.968	0.89486
1.969	0.8846
1.97	0.89275
1.971	0.89059
1.972	0.87453
1.973	0.85143
1.974	0.91418
1.975	0.88261
1.976	0.89977
1.977	0.87863
1.978	0.88508
1.979	0.8789
1.98	0.9065
1.981	0.91406
1.982	0.88655
1.983	0.89687
1.984	0.88361
1.985	0.92027
1.986	0.89212
1.987	0.89936
1.988	0.91754
1.989	0.88743
1.99	0.88773
1.991	0.87787
1.992	0.89631
1.993	0.89606
1.994	0.89344
1.995	0.89526
1.996	0.9141
1.997	0.90985
1.998	0.90725
1.999	0.8938
2	0.90054
2.001	0.90565
2.002	0.8628
2.003	0.9095
2.004	0.89376
2.005	0.87141
2.006	0.86746
2.007	0.91102
2.008	0.90043
2.009	0.90263
2.01	0.89834
2.011	0.90376
2.012	0.89474
2.013	0.90104
2.014	0.89246
2.015	0.88156
2.016	0.90635
2.017	0.88517
2.018	0.9006
2.019	0.92237
2.02	0.88733
2.021	0.89908
2.022	0.88624
2.023	0.89503
2.024	0.89521
2.025	0.89021
2.026	0.89292
2.027	0.89032
2.028	0.87659
2.029	0.88941
2.03	0.90945
2.031	0.88986
2.032	0.89186
2.033	0.89083
2.034	0.90661
2.035	0.91229
2.036	0.91181
2.037	0.8891
2.038	0.89083
2.039	0.90807
2.04	0.87742
2.041	0.90812
2.042	0.9134
2.043	0.89179
2.044	0.91623
2.045	0.89549
2.046	0.91006
2.047	0.91381
2.048	0.90217
2.049	0.88197
2.05	0.87783
2.051	0.88029
2.052	0.90367
2.053	0.90647
2.054	0.87655
2.055	0.91296
2.056	0.89895
2.057	0.91762
2.058	0.89564
2.059	0.91086
2.06	0.88495
2.061	0.92752
2.062	0.87572
2.063	0.8951
2.064	0.87587
2.065	0.89588
2.066	0.87965
2.067	0.90164
2.068	0.88633
2.069	0.88234
2.07	0.91503
2.071	0.88106
2.072	0.89669
2.073	0.87563
2.074	0.87979
2.075	0.94402
2.076	0.89091
2.077	0.91179
2.078	0.89887
2.079	0.87748
2.08	0.88125
2.081	0.89262
2.082	0.91403
2.083	0.90993
2.084	0.93071
2.085	0.92268
2.086	0.92009
2.087	0.89943
2.088	0.86921
2.089	0.89008
2.09	0.89338
2.091	0.90813
2.092	0.90171
2.093	0.90764
2.094	0.89535
2.095	0.89955
2.096	0.87451
2.097	0.90932
2.098	0.88178
2.099	0.90095
2.1	0.90655
2.101	0.91152
2.102	0.90356
2.103	0.89683
2.104	0.88381
2.105	0.89659
2.106	0.90012
2.107	0.86826
2.108	0.90226
2.109	0.92031
2.11	0.91277
2.111	0.90511
2.112	0.87673
2.113	0.92598
2.114	0.91723
2.115	0.91491
2.116	0.88054
2.117	0.86884
2.118	0.88327
2.119	0.90592
2.12	0.90063
2.121	0.88423
2.122	0.90219
2.123	0.88864
2.124	0.89901
2.125	0.90106
2.126	0.8961
2.127	0.88563
2.128	0.902
2.129	0.8892
2.13	0.877
2.131	0.87405
2.132	0.93091
2.133	0.89851
2.134	0.89099
2.135	0.88704
2.136	0.90289
2.137	0.88206
2.138	0.89595
2.139	0.91508
2.14	0.90638
2.141	0.91006
2.142	0.90902
2.143	0.88898
2.144	0.88938
2.145	0.90205
2.146	0.91081
2.147	0.91509
2.148	0.93014
2.149	0.90854
2.15	0.88929
2.151	0.88427
2.152	0.88277
2.153	0.90935
2.154	0.90688
2.155	0.90754
2.156	0.8654
2.157	0.90868
2.158	0.90169
2.159	0.90414
2.16	0.89888
2.161	0.92074
2.162	0.91129
2.163	0.90254
2.164	0.90111
2.165	0.88365
2.166	0.88706
2.167	0.89216
2.168	0.89281
2.169	0.90674
2.17	0.90204
2.171	0.88907
2.172	0.90747
2.173	0.92489
2.174	0.89537
2.175	0.92838
2.176	0.90766
2.177	0.88012
2.178	0.89635
2.179	0.90323
2.18	0.90196
2.181	0.90646
2.182	0.88999
2.183	0.88737
2.184	0.87125
2.185	0.86269
2.186	0.9039
2.187	0.89265
2.188	0.87754
2.189	0.93354
2.19	0.91175
2.191	0.9259
2.192	0.90234
2.193	0.89826
2.194	0.90786
2.195	0.89175
2.196	0.89264
2.197	0.88341
2.198	0.90375
2.199	0.91724
2.2	0.90759
2.201	0.91635
2.202	0.90705
2.203	0.89583
2.204	0.90627
2.205	0.92592
2.206	0.93491
2.207	0.8955
2.208	0.89233
2.209	0.89556
2.21	0.89337
2.211	0.89911
2.212	0.90029
2.213	0.8941
2.214	0.89806
2.215	0.92029
2.216	0.86446
2.217	0.89031
2.218	0.87374
2.219	0.90455
2.22	0.91928
2.221	0.90827
2.222	0.9099
2.223	0.89671
2.224	0.90033
2.225	0.88885
2.226	0.91434
2.227	0.87661
2.228	0.88563
2.229	0.91437
2.23	0.91134
2.231	0.92191
2.232	0.90411
2.233	0.87025
2.234	0.93339
2.235	0.92609
2.236	0.92382
2.237	0.90561
2.238	0.91299
2.239	0.92379
2.24	0.91465
2.241	0.91616
2.242	0.90291
2.243	0.91906
2.244	0.9064
2.245	0.91458
2.246	0.92559
2.247	0.89
2.248	0.87556
2.249	0.91195
2.25	0.88922
2.251	0.88591
2.252	0.91251
2.253	0.90399
2.254	0.8797
2.255	0.92952
2.256	0.90987
2.257	0.9354
2.258	0.92764
2.259	0.92007
2.26	0.92126
2.261	0.89344
2.262	0.89815
2.263	0.9027
2.264	0.90817
2.265	0.89744
2.266	0.90721
2.267	0.88192
2.268	0.88403
2.269	0.90533
2.27	0.90948
2.271	0.90143
2.272	0.91114
2.273	0.89635
2.274	0.94284
2.275	0.92296
2.276	0.9415
2.277	0.94518
2.278	0.91003
2.279	0.88011
2.28	0.90581
2.281	0.87831
2.282	0.91111
2.283	0.91652
2.284	0.89149
2.285	0.91148
2.286	0.92004
2.287	0.90554
2.288	0.87902
2.289	0.90627
2.29	0.89847
2.291	0.90058
2.292	0.92372
2.293	0.91416
2.294	0.92036
2.295	0.89831
2.296	0.89842
2.297	0.90423
2.298	0.89778
2.299	0.90953
2.3	0.92306
2.301	0.94372
2.302	0.8986
2.303	0.88735
2.304	0.90621
2.305	0.88232
2.306	0.8966
2.307	0.88476
2.308	0.90624
2.309	0.91988
2.31	0.91975
2.311	0.91654
2.312	0.91153
2.313	0.89445
2.314	0.88778
2.315	0.91077
2.316	0.88543
2.317	0.91743
2.318	0.9022
2.319	0.88491
2.32	0.90733
2.321	0.91085
2.322	0.90937
2.323	0.89209
2.324	0.88528
2.325	0.90735
2.326	0.92273
2.327	0.88889
2.328	0.91
2.329	0.89923
2.33	0.88685
2.331	0.90777
2.332	0.91769
2.333	0.93013
2.334	0.888
2.335	0.89503
2.336	0.90505
2.337	0.92526
2.338	0.89134
2.339	0.91973
2.34	0.92987
2.341	0.90207
2.342	0.91336
2.343	0.90943
2.344	0.86703
2.345	0.86826
2.346	0.93906
2.347	0.92425
2.348	0.9278
2.349	0.9049
2.35	0.91565
2.351	0.89131
2.352	0.9075
2.353	0.88443
2.354	0.91487
2.355	0.92967
2.356	0.89787
2.357	0.92699
2.358	0.88812
2.359	0.88259
2.36	0.90869
2.361	0.92284
2.362	0.91988
2.363	0.9008
2.364	0.87097
2.365	0.90497
2.366	0.90931
2.367	0.90458
2.368	0.89594
2.369	0.92321
2.37	0.88859
2.371	0.86705
2.372	0.91166
2.373	0.90707
2.374	0.92464
2.375	0.88755
2.376	0.8912
2.377	0.92673
2.378	0.91945
2.379	0.88951
2.38	0.88444
2.381	0.88468
2.382	0.89213
2.383	0.8925
2.384	0.89898
2.385	0.89317
2.386	0.91074
2.387	0.88499
2.388	0.92313
2.389	0.91342
2.39	0.90163
2.391	0.89933
2.392	0.91886
2.393	0.89526
2.394	0.92996
2.395	0.91153
2.396	0.92405
2.397	0.89331
2.398	0.88052
2.399	0.88437
2.4	0.92228
2.401	0.89848
2.402	0.89453
2.403	0.89935
2.404	0.90977
2.405	0.90508
2.406	0.89733
2.407	0.91079
2.408	0.93209
2.409	0.91789
2.41	0.92502
2.411	0.91259
2.412	0.91876
2.413	0.9064
2.414	0.88489
2.415	0.90138
2.416	0.89705
2.417	0.89948
2.418	0.92336
2.419	0.9246
2.42	0.90706
2.421	0.90019
2.422	0.89521
2.423	0.89557
2.424	0.91091
2.425	0.92932
2.426	0.91775
2.427	0.91342
2.428	0.92483
2.429	0.90678
2.43	0.9136
2.431	0.91501
2.432	0.91535
2.433	0.92384
2.434	0.89152
2.435	0.89026
2.436	0.91587
2.437	0.91639
2.438	0.92423
2.439	0.91215
2.44	0.92251
2.441	0.90446
2.442	0.90985
2.443	0.89225
2.444	0.91508
2.445	0.91906
2.446	0.9054
2.447	0.91271
2.448	0.90585
2.449	0.90569
2.45	0.91892
2.451	0.91158
2.452	0.89801
2.453	0.9093
2.454	0.89771
2.455	0.87939
2.456	0.89673
2.457	0.88986
2.458	0.88624
2.459	0.91062
2.46	0.91773
2.461	0.92422
2.462	0.91476
2.463	0.91371
2.464	0.89948
2.465	0.89617
2.466	0.89891
2.467	0.92128
2.468	0.93392
2.469	0.91232
2.47	0.91916
2.471	0.92362
2.472	0.89577
2.473	0.90262
2.474	0.88448
2.475	0.91639
2.476	0.92514
2.477	0.93523
2.478	0.89809
2.479	0.93189
2.48	0.9153
2.481	0.89662
2.482	0.91419
2.483	0.93859
2.484	0.90239
2.485	0.8946
2.486	0.90536
2.487	0.90524
2.488	0.91467
2.489	0.9169
2.49	0.9076
2.491	0.91278
2.492	0.91608
2.493	0.91058
2.494	0.89919
2.495	0.90304
2.496	0.90736
2.497	0.89076
2.498	0.94985
2.499	0.90536
2.5	0.903
2.501	0.90402
2.502	0.90006
2.503	0.87738
2.504	0.91263
2.505	0.90476
2.506	0.9062
2.507	0.919
2.508	0.91631
2.509	0.89529
2.51	0.91983
2.511	0.91063
2.512	0.93117
2.513	0.90953
2.514	0.92236
2.515	0.9234
2.516	0.90644
2.517	0.90034
2.518	0.92304
2.519	0.9094
2.52	0.90338
2.521	0.90586
2.522	0.90473
2.523	0.89165
2.524	0.91356
2.525	0.91132
2.526	0.93548
2.527	0.9065
2.528	0.9085
2.529	0.88766
2.53	0.90021
2.531	0.91796
2.532	0.90305
2.533	0.90683
2.534	0.90775
2.535	0.90014
2.536	0.92061
2.537	0.87915
2.538	0.88796
2.539	0.91533
2.54	0.90995
2.541	0.89653
2.542	0.89359
2.543	0.91293
2.544	0.89751
2.545	0.90269
2.546	0.92827
2.547	0.90559
2.548	0.89942
2.549	0.89714
2.55	0.91408
2.551	0.91791
2.552	0.92137
2.553	0.89983
2.554	0.89922
2.555	0.90146
2.556	0.89682
2.557	0.90832
2.558	0.94199
2.559	0.92059
2.56	0.93597
2.561	0.90084
2.562	0.91005
2.563	0.9074
2.564	0.91476
2.565	0.92064
2.566	0.89738
2.567	0.89106
2.568	0.89336
2.569	0.9342
2.57	0.91347
2.571	0.92457
2.572	0.91068
2.573	0.91832
2.574	0.92335
2.575	0.92328
2.576	0.9255
2.577	0.90637
2.578	0.91642
2.579	0.90159
2.58	0.93244
2.581	0.89234
2.582	0.90508
2.583	0.90093
2.584	0.88754
2.585	0.90138
2.586	0.91088
2.587	0.91985
2.588	0.90777
2.589	0.91781
2.59	0.93751
2.591	0.89054
2.592	0.90321
2.593	0.898
2.594	0.91763
2.595	0.92239
2.596	0.9003
2.597	0.92959
2.598	0.92155
2.599	0.93868
2.6	0.91663
2.601	0.8899
2.602	0.90928
2.603	0.91697
2.604	0.90777
2.605	0.91013
2.606	0.91148
2.607	0.89029
2.608	0.90072
2.609	0.91865
2.61	0.89223
2.611	0.92897
2.612	0.90766
2.613	0.9294
2.614	0.91833
2.615	0.8947
2.616	0.92624
2.617	0.9342
2.618	0.93508
2.619	0.88912
2.62	0.88688
2.621	0.91913
2.622	0.93697
2.623	0.89551
2.624	0.8761
2.625	0.90034
2.626	0.91731
2.627	0.92559
2.628	0.92297
2.629	0.90969
2.63	0.9341
2.631	0.91816
2.632	0.9218
2.633	0.93153
2.634	0.9338
2.635	0.9152
2.636	0.91623
2.637	0.90492
2.638	0.9207
2.639	0.92348
2.64	0.89304
2.641	0.90369
2.642	0.91196
2.643	0.93144
2.644	0.91832
2.645	0.91598
2.646	0.89739
2.647	0.89825
2.648	0.90166
2.649	0.92005
2.65	0.93291
2.651	0.89752
2.652	0.90561
2.653	0.91017
2.654	0.93185
2.655	0.93004
2.656	0.91357
2.657	0.92004
2.658	0.90153
2.659	0.88973
2.66	0.89792
2.661	0.91468
2.662	0.90738
2.663	0.9163
2.664	0.89732
2.665	0.90081
2.666	0.91633
2.667	0.91254
2.668	0.90946
2.669	0.93569
2.67	0.93595
2.671	0.90897
2.672	0.91758
2.673	0.89807
2.674	0.90235
2.675	0.92219
2.676	0.91552
2.677	0.92843
2.678	0.89913
2.679	0.90575
2.68	0.92619
2.681	0.90315
2.682	0.92105
2.683	0.92675
2.684	0.92094
2.685	0.90414
2.686	0.89686
2.687	0.93172
2.688	0.91676
2.689	0.92707
2.69	0.92791
2.691	0.92718
2.692	0.9531
2.693	0.90753
2.694	0.89796
2.695	0.89753
2.696	0.8947
2.697	0.92168
2.698	0.89617
2.699	0.90938
2.7	0.9019
2.701	0.93483
2.702	0.93151
2.703	0.93295
2.704	0.91891
2.705	0.91106
2.706	0.90707
2.707	0.92406
2.708	0.92152
2.709	0.9046
2.71	0.92119
2.711	0.9198
2.712	0.92659
2.713	0.90392
2.714	0.90293
2.715	0.90472
2.716	0.92191
2.717	0.921
2.718	0.88607
2.719	0.91672
2.72	0.92866
2.721	0.92982
2.722	0.9456
2.723	0.90852
2.724	0.92346
2.725	0.92712
2.726	0.91885
2.727	0.91999
2.728	0.91049
2.729	0.93004
2.73	0.92975
2.731	0.92019
2.732	0.91985
2.733	0.93315
2.734	0.94234
2.735	0.91572
2.736	0.90346
2.737	0.89851
2.738	0.91848
2.739	0.938
2.74	0.91399
2.741	0.90516
2.742	0.92467
2.743	0.90946
2.744	0.90388
2.745	0.92985
2.746	0.93559
2.747	0.92401
2.748	0.94076
2.749	0.9044
2.75	0.92763
2.751	0.92543
2.752	0.92826
2.753	0.89002
2.754	0.93145
2.755	0.87681
2.756	0.94118
2.757	0.91289
2.758	0.92671
2.759	0.90689
2.76	0.92632
2.761	0.89375
2.762	0.92422
2.763	0.93437
2.764	0.93346
2.765	0.93138
2.766	0.93772
2.767	0.928
2.768	0.91279
2.769	0.91383
2.77	0.89344
2.771	0.92568
2.772	0.93783
2.773	0.89434
2.774	0.92008
2.775	0.90444
2.776	0.90965
2.777	0.89326
2.778	0.90542
2.779	0.89454
2.78	0.91946
2.781	0.91916
2.782	0.90908
2.783	0.94253
2.784	0.93002
2.785	0.9163
2.786	0.92044
2.787	0.92725
2.788	0.91776
2.789	0.9292
2.79	0.92277
2.791	0.91913
2.792	0.92612
2.793	0.8837
2.794	0.93197
2.795	0.92502
2.796	0.93018
2.797	0.9197
2.798	0.9495
2.799	0.91632
2.8	0.93156
2.801	0.89625
2.802	0.90764
2.803	0.92078
2.804	0.91391
2.805	0.90885
2.806	0.97389
2.807	0.89154
2.808	0.91283
2.809	0.90382
2.81	0.88752
2.811	0.90796
2.812	0.92406
2.813	0.91588
2.814	0.92924
2.815	0.93055
2.816	0.92033
2.817	0.89478
2.818	0.93834
2.819	0.90473
2.82	0.92715
2.821	0.9244
2.822	0.93539
2.823	0.92239
2.824	0.93029
2.825	0.93477
2.826	0.92195
2.827	0.93346
2.828	0.94983
2.829	0.92024
2.83	0.93873
2.831	0.9263
2.832	0.92009
2.833	0.91403
2.834	0.91159
2.835	0.89732
2.836	0.90263
2.837	0.92337
2.838	0.94362
2.839	0.90754
2.84	0.91359
2.841	0.92004
2.842	0.9274
2.843	0.93618
2.844	0.94682
2.845	0.94749
2.846	0.93719
2.847	0.90917
2.848	0.94391
2.849	0.92331
2.85	0.90961
2.851	0.92037
2.852	0.94245
2.853	0.92053
2.854	0.91535
2.855	0.93136
2.856	0.93178
2.857	0.91241
2.858	0.92813
2.859	0.90845
2.86	0.89539
2.861	0.90496
2.862	0.89568
2.863	0.92175
2.864	0.9319
2.865	0.91062
2.866	0.92692
2.867	0.89922
2.868	0.95231
2.869	0.88235
2.87	0.92602
2.871	0.92151
2.872	0.91714
2.873	0.92359
2.874	0.90961
2.875	0.91713
2.876	0.92078
2.877	0.92949
2.878	0.92121
2.879	0.91213
2.88	0.92025
2.881	0.91739
2.882	0.91961
2.883	0.94364
2.884	0.91373
2.885	0.91884
2.886	0.91264
2.887	0.90199
2.888	0.91571
2.889	0.92745
2.89	0.93208
2.891	0.90196
2.892	0.92534
2.893	0.91178
2.894	0.92257
2.895	0.89754
2.896	0.92224
2.897	0.91913
2.898	0.89836
2.899	0.9306
2.9	0.92149
2.901	0.89475
2.902	0.92177
2.903	0.90774
2.904	0.90746
2.905	0.90964
2.906	0.89403
2.907	0.89911
2.908	0.9356
2.909	0.94593
2.91	0.93223
2.911	0.92196
2.912	0.91407
2.913	0.8748
2.914	0.92455
2.915	0.93779
2.916	0.93517
2.917	0.90279
2.918	0.89793
2.919	0.92086
2.92	0.93903
2.921	0.8896
2.922	0.92483
2.923	0.91361
2.924	0.95123
2.925	0.92133
2.926	0.94002
2.927	0.92358
2.928	0.88898
2.929	0.91875
2.93	0.89957
2.931	0.90807
2.932	0.91952
2.933	0.93322
2.934	0.93264
2.935	0.93048
2.936	0.90899
2.937	0.92532
2.938	0.90174
2.939	0.93094
2.94	0.90452
2.941	0.92455
2.942	0.92189
2.943	0.89672
2.944	0.93868
2.945	0.90955
2.946	0.91878
2.947	0.9452
2.948	0.91732
2.949	0.93247
2.95	0.92822
2.951	0.90728
2.952	0.92968
2.953	0.90701
2.954	0.92962
2.955	0.9274
2.956	0.93028
2.957	0.95113
2.958	0.91661
2.959	0.89166
2.96	0.907
2.961	0.92681
2.962	0.93796
2.963	0.92371
2.964	0.89015
2.965	0.91835
2.966	0.90787
2.967	0.90992
2.968	0.91809
2.969	0.90983
2.97	0.91651
2.971	0.9205
2.972	0.93522
2.973	0.92056
2.974	0.91391
2.975	0.92654
2.976	0.89744
2.977	0.92725
2.978	0.91336
2.979	0.92998
2.98	0.93535
2.981	0.91492
2.982	0.92168
2.983	0.92561
2.984	0.92769
2.985	0.91686
2.986	0.92285
2.987	0.91433
2.988	0.93399
2.989	0.89407
2.99	0.90458
2.991	0.91625
2.992	0.94472
2.993	0.90943
2.994	0.91231
2.995	0.91769
2.996	0.88824
2.997	0.93945
2.998	0.94902
2.999	0.92724
3	0.91279
3.001	0.9216
3.002	0.93062
3.003	0.92247
3.004	0.91324
3.005	0.92717
3.006	0.92688
3.007	0.91405
3.008	0.91696
3.009	0.91277
3.01	0.9147
3.011	0.92802
3.012	0.91399
3.013	0.92601
3.014	0.91193
3.015	0.91713
3.016	0.92217
3.017	0.90929
3.018	0.91624
3.019	0.92665
3.02	0.89992
3.021	0.91199
3.022	0.91571
3.023	0.92103
3.024	0.9203
3.025	0.92092
3.026	0.91519
3.027	0.92755
3.028	0.94349
3.029	0.94507
3.03	0.93436
3.031	0.91723
3.032	0.93386
3.033	0.91389
3.034	0.89999
3.035	0.92662
3.036	0.91527
3.037	0.92947
3.038	0.91907
3.039	0.91504
3.04	0.91778
3.041	0.92722
3.042	0.94861
3.043	0.92988
3.044	0.92481
3.045	0.92395
3.046	0.9371
3.047	0.9239
3.048	0.89626
3.049	0.91841
3.05	0.91047
3.051	0.94308
3.052	0.94047
3.053	0.90517
3.054	0.91588
3.055	0.92341
3.056	0.9193
3.057	0.91058
3.058	0.93636
3.059	0.90963
3.06	0.88503
3.061	0.9056
3.062	0.94272
3.063	0.92877
3.064	0.94168
3.065	0.92295
3.066	0.96063
3.067	0.93199
3.068	0.9453
3.069	0.94722
3.07	0.94343
3.071	0.94775
3.072	0.92897
3.073	0.91879
3.074	0.9282
3.075	0.93234
3.076	0.90806
3.077	0.9261
3.078	0.93688
3.079	0.90717
3.08	0.91014
3.081	0.91001
3.082	0.9296
3.083	0.92267
3.084	0.90308
3.085	0.93177
3.086	0.93127
3.087	0.93082
3.088	0.92432
3.089	0.89632
3.09	0.94739
3.091	0.91317
3.092	0.93337
3.093	0.94858
3.094	0.92379
3.095	0.92642
3.096	0.92802
3.097	0.91912
3.098	0.91605
3.099	0.94014
3.1	0.90308
3.101	0.92302
3.102	0.9144
3.103	0.92867
3.104	0.91321
3.105	0.94929
3.106	0.91972
3.107	0.90781
3.108	0.91838
3.109	0.93483
3.11	0.94145
3.111	0.95361
3.112	0.91663
3.113	0.91295
3.114	0.96593
3.115	0.93889
3.116	0.93781
3.117	0.91354
3.118	0.91768
3.119	0.91126
3.12	0.93557
3.121	0.89684
3.122	0.9049
3.123	0.93973
3.124	0.93296
3.125	0.95037
3.126	0.92021
3.127	0.92731
3.128	0.92219
3.129	0.94671
3.13	0.95511
3.131	0.91344
3.132	0.90855
3.133	0.91318
3.134	0.89661
3.135	0.93251
3.136	0.94371
3.137	0.91615
3.138	0.91942
3.139	0.92967
3.14	0.9238
3.141	0.94418
3.142	0.9217
3.143	0.93332
3.144	0.94816
3.145	0.90349
3.146	0.9356
3.147	0.92537
3.148	0.9061
3.149	0.93295
3.15	0.94634
3.151	0.89842
3.152	0.9375
3.153	0.92618
3.154	0.89405
3.155	0.91263
3.156	0.90367
3.157	0.94871
3.158	0.94561
3.159	0.93748
3.16	0.92526
3.161	0.94344
3.162	0.92441
3.163	0.92128
3.164	0.90749
3.165	0.92279
3.166	0.94968
3.167	0.91912
3.168	0.92454
3.169	0.89889
3.17	0.91458
3.171	0.93379
3.172	0.92966
3.173	0.91945
3.174	0.90999
3.175	0.94093
3.176	0.95569
3.177	0.91467
3.178	0.93512
3.179	0.91163
3.18	0.92219
3.181	0.93193
3.182	0.91339
3.183	0.91944
3.184	0.95586
3.185	0.93108
3.186	0.92946
3.187	0.91957
3.188	0.89568
3.189	0.92432
3.19	0.92233
3.191	0.948
3.192	0.93019
3.193	0.91543
3.194	0.92343
3.195	0.90662
3.196	0.94276
3.197	0.92749
3.198	0.945
3.199	0.92618
3.2	0.92847
3.201	0.91152
3.202	0.92724
3.203	0.90314
3.204	0.91676
3.205	0.93817
3.206	0.94692
3.207	0.91631
3.208	0.94973
3.209	0.91128
3.21	0.89912
3.211	0.91439
3.212	0.94809
3.213	0.90076
3.214	0.92825
3.215	0.92616
3.216	0.91464
3.217	0.92141
3.218	0.91508
3.219	0.92264
3.22	0.90177
3.221	0.91416
3.222	0.92344
3.223	0.93676
3.224	0.9261
3.225	0.92342
3.226	0.9366
3.227	0.93222
3.228	0.92629
3.229	0.91823
3.23	0.90217
3.231	0.93023
3.232	0.91603
3.233	0.91606
3.234	0.93748
3.235	0.92638
3.236	0.93275
3.237	0.96518
3.238	0.92908
3.239	0.8988
3.24	0.96098
3.241	0.91631
3.242	0.95151
3.243	0.93854
3.244	0.92411
3.245	0.9021
3.246	0.94581
3.247	0.92321
3.248	0.93115
3.249	0.91376
3.25	0.95166
3.251	0.91602
3.252	0.92488
3.253	0.92619
3.254	0.9324
3.255	0.93626
3.256	0.91417
3.257	0.93509
3.258	0.95399
3.259	0.93065
3.26	0.93102
3.261	0.90374
3.262	0.93272
3.263	0.94762
3.264	0.93718
3.265	0.92621
3.266	0.92925
3.267	0.93276
3.268	0.90925
3.269	0.94375
3.27	0.94582
3.271	0.92144
3.272	0.92177
3.273	0.92803
3.274	0.92156
3.275	0.91427
3.276	0.91357
3.277	0.94043
3.278	0.91046
3.279	0.95363
3.28	0.93718
3.281	0.92165
3.282	0.94519
3.283	0.92373
3.284	0.94492
3.285	0.94301
3.286	0.92606
3.287	0.90462
3.288	0.91636
3.289	0.92056
3.29	0.91651
3.291	0.94983
3.292	0.93611
3.293	0.94187
3.294	0.93747
3.295	0.946
3.296	0.93777
3.297	0.92045
3.298	0.95297
3.299	0.93944
3.3	0.90858
3.301	0.92589
3.302	0.91873
3.303	0.93034
3.304	0.93279
3.305	0.93374
3.306	0.91982
3.307	0.92799
3.308	0.92537
3.309	0.91272
3.31	0.93534
3.311	0.9091
3.312	0.90665
3.313	0.94536
3.314	0.91446
3.315	0.92715
3.316	0.91621
3.317	0.93155
3.318	0.93045
3.319	0.93654
3.32	0.93386
3.321	0.92861
3.322	0.91582
3.323	0.91309
3.324	0.93815
3.325	0.9367
3.326	0.8986
3.327	0.93087
3.328	0.93523
3.329	0.93027
3.33	0.94987
3.331	0.93265
3.332	0.91752
3.333	0.93134
3.334	0.94042
3.335	0.93343
3.336	0.94027
3.337	0.92224
3.338	0.92105
3.339	0.95683
3.34	0.92475
3.341	0.93869
3.342	0.92427
3.343	0.91611
3.344	0.90504
3.345	0.91965
3.346	0.93717
3.347	0.93589
3.348	0.9414
3.349	0.94146
3.35	0.94455
3.351	0.93461
3.352	0.9138
3.353	0.91834
3.354	0.92031
3.355	0.94255
3.356	0.94136
3.357	0.94894
3.358	0.92346
3.359	0.92723
3.36	0.91251
3.361	0.92281
3.362	0.91665
3.363	0.92226
3.364	0.92166
3.365	0.94998
3.366	0.91277
3.367	0.93554
3.368	0.95275
3.369	0.94529
3.37	0.91546
3.371	0.91335
3.372	0.94572
3.373	0.89612
3.374	0.90751
3.375	0.91738
3.376	0.93541
3.377	0.92849
3.378	0.90416
3.379	0.9225
3.38	0.93679
3.381	0.91543
3.382	0.93748
3.383	0.95235
3.384	0.91075
3.385	0.93657
3.386	0.91142
3.387	0.95512
3.388	0.89631
3.389	0.92261
3.39	0.92387
3.391	0.93564
3.392	0.94991
3.393	0.95338
3.394	0.92976
3.395	0.96047
3.396	0.92022
3.397	0.92622
3.398	0.90796
3.399	0.95486
3.4	0.95514
3.401	0.90077
3.402	0.91832
3.403	0.91
3.404	0.94839
3.405	0.93664
3.406	0.91186
3.407	0.94946
3.408	0.95898
3.409	0.93994
3.41	0.92326
3.411	0.91742
3.412	0.93316
3.413	0.91873
3.414	0.939
3.415	0.92058
3.416	0.92253
3.417	0.92714
3.418	0.93779
3.419	0.94694
3.42	0.93209
3.421	0.93718
3.422	0.92571
3.423	0.95541
3.424	0.94809
3.425	0.93262
3.426	0.94678
3.427	0.90597
3.428	0.91418
3.429	0.92826
3.43	0.93913
3.431	0.93853
3.432	0.91634
3.433	0.92822
3.434	0.9485
3.435	0.94911
3.436	0.90811
3.437	0.92517
3.438	0.92961
3.439	0.91942
3.44	0.93101
3.441	0.91898
3.442	0.92377
3.443	0.93481
3.444	0.93441
3.445	0.9282
3.446	0.92693
3.447	0.92086
3.448	0.91354
3.449	0.91668
3.45	0.93061
3.451	0.93936
3.452	0.92428
3.453	0.92841
3.454	0.9253
3.455	0.92327
3.456	0.91952
3.457	0.92514
3.458	0.95228
3.459	0.93665
3.46	0.91408
3.461	0.91611
3.462	0.95883
3.463	0.93718
3.464	0.92614
3.465	0.92998
3.466	0.93127
3.467	0.95959
3.468	0.9318
3.469	0.93931
3.47	0.94983
3.471	0.92115
3.472	0.92618
3.473	0.93322
3.474	0.94171
3.475	0.9427
3.476	0.93787
3.477	0.92766
3.478	0.93968
3.479	0.92716
3.48	0.92564
3.481	0.93364
3.482	0.91616
3.483	0.94782
3.484	0.93479
3.485	0.95133
3.486	0.96868
3.487	0.95728
3.488	0.94581
3.489	0.89784
3.49	0.94944
3.491	0.92891
3.492	0.94432
3.493	0.89524
3.494	0.91787
3.495	0.92907
3.496	0.9265
3.497	0.95045
3.498	0.92539
3.499	0.93509
3.5	0.91508
3.501	0.92885
3.502	0.92868
3.503	0.91768
3.504	0.95142
3.505	0.94437
3.506	0.91452
3.507	0.91866
3.508	0.90568
3.509	0.91797
3.51	0.91307
3.511	0.93645
3.512	0.93978
3.513	0.94576
3.514	0.93937
3.515	0.94164
3.516	0.92437
3.517	0.91783
3.518	0.94073
3.519	0.95749
3.52	0.95561
3.521	0.94101
3.522	0.92113
3.523	0.94156
3.524	0.96783
3.525	0.94071
3.526	0.93748
3.527	0.93155
3.528	0.89779
3.529	0.94006
3.53	0.9263
3.531	0.94479
3.532	0.92942
3.533	0.92111
3.534	0.89246
3.535	0.90971
3.536	0.91249
3.537	0.94616
3.538	0.93229
3.539	0.95556
3.54	0.9069
3.541	0.97306
3.542	0.93017
3.543	0.94238
3.544	0.90708
3.545	0.92513
3.546	0.9524
3.547	0.9305
3.548	0.93924
3.549	0.94751
3.55	0.94818
3.551	0.91536
3.552	0.91645
3.553	0.92021
3.554	0.94702
3.555	0.91885
3.556	0.92825
3.557	0.89876
3.558	0.90683
3.559	0.91836
3.56	0.93347
3.561	0.92771
3.562	0.95705
3.563	0.96065
3.564	0.92233
3.565	0.93161
3.566	0.97252
3.567	0.95037
3.568	0.9468
3.569	0.92743
3.57	0.94012
3.571	0.90575
3.572	0.94028
3.573	0.90551
3.574	0.94264
3.575	0.94614
3.576	0.9231
3.577	0.93694
3.578	0.938
3.579	0.93931
3.58	0.9351
3.581	0.94467
3.582	0.90661
3.583	0.93334
3.584	0.94744
3.585	0.93062
3.586	0.92149
3.587	0.91101
3.588	0.91967
3.589	0.9523
3.59	0.93734
3.591	0.94611
3.592	0.93878
3.593	0.9524
3.594	0.91865
3.595	0.93623
3.596	0.91331
3.597	0.92676
3.598	0.93812
3.599	0.95729
3.6	0.94761
3.601	0.91668
3.602	0.94583
3.603	0.9208
3.604	0.91778
3.605	0.92065
3.606	0.93569
3.607	0.95503
3.608	0.94393
3.609	0.9395
3.61	0.9536
3.611	0.95607
3.612	0.9558
3.613	0.94636
3.614	0.96105
3.615	0.94802
3.616	0.92684
3.617	0.96263
3.618	0.934
3.619	0.92567
3.62	0.94752
3.621	0.93702
3.622	0.93183
3.623	0.93298
3.624	0.9398
3.625	0.93917
3.626	0.93191
3.627	0.92128
3.628	0.94371
3.629	0.9288
3.63	0.94683
3.631	0.92701
3.632	0.94188
3.633	0.9507
3.634	0.93234
3.635	0.94421
3.636	0.93318
3.637	0.90553
3.638	0.92562
3.639	0.93163
3.64	0.92132
3.641	0.94249
3.642	0.95146
3.643	0.94072
3.644	0.95228
3.645	0.92891
3.646	0.92218
3.647	0.92024
3.648	0.92867
3.649	0.93176
3.65	0.93537
3.651	0.92336
3.652	0.92091
3.653	0.92873
3.654	0.92455
3.655	0.94119
3.656	0.93451
3.657	0.95242
3.658	0.93148
3.659	0.93101
3.66	0.93613
3.661	0.91251
3.662	0.9411
3.663	0.92308
3.664	0.8907
3.665	0.92083
3.666	0.91863
3.667	0.93357
3.668	0.94335
3.669	0.94834
3.67	0.93269
3.671	0.93032
3.672	0.92682
3.673	0.91326
3.674	0.95353
3.675	0.9246
3.676	0.94054
3.677	0.91846
3.678	0.92629
3.679	0.94066
3.68	0.92486
3.681	0.93416
3.682	0.92175
3.683	0.9258
3.684	0.96061
3.685	0.93991
3.686	0.92521
3.687	0.92451
3.688	0.9174
3.689	0.93373
3.69	0.92447
3.691	0.94142
3.692	0.92966
3.693	0.92794
3.694	0.93094
3.695	0.94731
3.696	0.95997
3.697	0.93583
3.698	0.92891
3.699	0.94343
3.7	0.94041
3.701	0.94404
3.702	0.92994
3.703	0.94824
3.704	0.93433
3.705	0.93736
3.706	0.94427
3.707	0.92527
3.708	0.94098
3.709	0.93312
3.71	0.93659
3.711	0.9457
3.712	0.91548
3.713	0.94268
3.714	0.94762
3.715	0.93668
3.716	0.93271
3.717	0.93422
3.718	0.93553
3.719	0.94227
3.72	0.91734
3.721	0.92658
3.722	0.92212
3.723	0.93872
3.724	0.94889
3.725	0.93455
3.726	0.94042
3.727	0.91958
3.728	0.95623
3.729	0.9373
3.73	0.93436
3.731	0.94156
3.732	0.92308
3.733	0.92661
3.734	0.94716
3.735	0.93375
3.736	0.9396
3.737	0.9279
3.738	0.91966
3.739	0.9537
3.74	0.91687
3.741	0.9266
3.742	0.9138
3.743	0.93385
3.744	0.91001
3.745	0.88945
3.746	0.93524
3.747	0.93648
3.748	0.92392
3.749	0.92012
3.75	0.92936
3.751	0.95892
3.752	0.94006
3.753	0.95908
3.754	0.92098
3.755	0.93254
3.756	0.93618
3.757	0.95642
3.758	0.93521
3.759	0.9375
3.76	0.91159
3.761	0.92143
3.762	0.9415
3.763	0.92243
3.764	0.93938
3.765	0.92092
3.766	0.9116
3.767	0.94602
3.768	0.92425
3.769	0.91976
3.77	0.95356
3.771	0.94734
3.772	0.9436
3.773	0.93698
3.774	0.93435
3.775	0.91974
3.776	0.91195
3.777	0.91613
3.778	0.96442
3.779	0.9277
3.78	0.93074
3.781	0.9636
3.782	0.94882
3.783	0.97744
3.784	0.93412
3.785	0.94776
3.786	0.91215
3.787	0.92791
3.788	0.91889
3.789	0.93149
3.79	0.91856
3.791	0.93618
3.792	0.90959
3.793	0.90874
3.794	0.93833
3.795	0.92722
3.796	0.92902
3.797	0.93675
3.798	0.94589
3.799	0.91818
3.8	0.93327
3.801	0.91868
3.802	0.9347
3.803	0.91781
3.804	0.93485
3.805	0.93987
3.806	0.94504
3.807	0.92065
3.808	0.92563
3.809	0.92959
3.81	0.94324
3.811	0.94471
3.812	0.94446
3.813	0.93758
3.814	0.91673
3.815	0.93602
3.816	0.93056
3.817	0.95469
3.818	0.93917
3.819	0.9207
3.82	0.95977
3.821	0.91268
3.822	0.93275
3.823	0.95689
3.824	0.93479
3.825	0.9194
3.826	0.95103
3.827	0.93712
3.828	0.92714
3.829	0.94714
3.83	0.94888
3.831	0.95042
3.832	0.93366
3.833	0.95716
3.834	0.94026
3.835	0.90456
3.836	0.957
3.837	0.962
3.838	0.92941
3.839	0.96016
3.84	0.96894
3.841	0.93856
3.842	0.94533
3.843	0.92719
3.844	0.95201
3.845	0.91772
3.846	0.94347
3.847	0.95625
3.848	0.90303
3.849	0.92753
3.85	0.93084
3.851	0.91706
3.852	0.94046
3.853	0.95154
3.854	0.94447
3.855	0.94478
3.856	0.927
3.857	0.94097
3.858	0.95006
3.859	0.9557
3.86	0.94121
3.861	0.93363
3.862	0.93962
3.863	0.95132
3.864	0.91669
3.865	0.96591
3.866	0.95586
3.867	0.9351
3.868	0.92542
3.869	0.90037
3.87	0.95062
3.871	0.9445
3.872	0.94838
3.873	0.96244
3.874	0.95642
3.875	0.93407
3.876	0.93237
3.877	0.91867
3.878	0.94373
3.879	0.95961
3.88	0.92996
3.881	0.93111
3.882	0.92417
3.883	0.93126
3.884	0.96071
3.885	0.95556
3.886	0.94612
3.887	0.95702
3.888	0.91406
3.889	0.92173
3.89	0.92635
3.891	0.92375
3.892	0.9414
3.893	0.93009
3.894	0.95239
3.895	0.9546
3.896	0.95131
3.897	0.91291
3.898	0.92875
3.899	0.94066
3.9	0.94716
3.901	0.93541
3.902	0.94357
3.903	0.94165
3.904	0.92676
3.905	0.94106
3.906	0.93379
3.907	0.95856
3.908	0.91489
3.909	0.91858
3.91	0.96049
3.911	0.94342
3.912	0.94824
3.913	0.94491
3.914	0.94774
3.915	0.92689
3.916	0.93485
3.917	0.92117
3.918	0.92871
3.919	0.93118
3.92	0.94579
3.921	0.92068
3.922	0.93847
3.923	0.9217
3.924	0.95798
3.925	0.9486
3.926	0.93127
3.927	0.95975
3.928	0.94826
3.929	0.93839
3.93	0.95433
3.931	0.91653
3.932	0.96473
3.933	0.94129
3.934	0.90914
3.935	0.94931
3.936	0.93541
3.937	0.93197
3.938	0.92599
3.939	0.93823
3.94	0.91828
3.941	0.92143
3.942	0.93604
3.943	0.92218
3.944	0.93289
3.945	0.94969
3.946	0.95389
3.947	0.94448
3.948	0.91218
3.949	0.91924
3.95	0.91869
3.951	0.94574
3.952	0.89848
3.953	0.9325
3.954	0.95902
3.955	0.92696
3.956	0.94417
3.957	0.9277
3.958	0.94439
3.959	0.96404
3.96	0.93248
3.961	0.90981
3.962	0.91767
3.963	0.92013
3.964	0.93061
3.965	0.93315
3.966	0.94527
3.967	0.94165
3.968	0.93103
3.969	0.94283
3.97	0.91998
3.971	0.96321
3.972	0.94504
3.973	0.94193
3.974	0.9326
3.975	0.92624
3.976	0.91101
3.977	0.92638
3.978	0.96251
3.979	0.91992
3.98	0.91779
3.981	0.94781
3.982	0.91496
3.983	0.92973
3.984	0.93364
3.985	0.90488
3.986	0.93939
3.987	0.94427
3.988	0.95826
3.989	0.92266
3.99	0.94482
3.991	0.93003
3.992	0.94757
3.993	0.94126
3.994	0.93366
3.995	0.94584
3.996	0.9337
3.997	0.93812
3.998	0.94565
3.999	0.94397
4	0.96213
4.001	0.94453
4.002	0.94303
4.003	0.94213
4.004	0.95939
4.005	0.93407
4.006	0.95373
4.007	0.94384
4.008	0.91676
4.009	0.91316
4.01	0.92214
4.011	0.95762
4.012	0.91945
4.013	0.93684
4.014	0.94742
4.015	0.92076
4.016	0.93822
4.017	0.92722
4.018	0.92713
4.019	0.91076
4.02	0.92825
4.021	0.95207
4.022	0.95889
4.023	0.91512
4.024	0.94843
4.025	0.93068
4.026	0.9342
4.027	0.95918
4.028	0.96095
4.029	0.91966
4.03	0.94683
4.031	0.96064
4.032	0.9172
4.033	0.92538
4.034	0.91396
4.035	0.96282
4.036	0.93481
4.037	0.93368
4.038	0.95102
4.039	0.91629
4.04	0.92735
4.041	0.93521
4.042	0.93773
4.043	0.94593
4.044	0.933
4.045	0.95706
4.046	0.95814
4.047	0.93432
4.048	0.93486
4.049	0.9344
4.05	0.9201
4.051	0.95156
4.052	0.95989
4.053	0.94583
4.054	0.93084
4.055	0.96787
4.056	0.9353
4.057	0.96962
4.058	0.94207
4.059	0.9338
4.06	0.93724
4.061	0.96243
4.062	0.95558
4.063	0.91602
4.064	0.94299
4.065	0.94626
4.066	0.92845
4.067	0.95045
4.068	0.94951
4.069	0.92963
4.07	0.92269
4.071	0.95176
4.072	0.96069
4.073	0.93942
4.074	0.94116
4.075	0.94487
4.076	0.95249
4.077	0.91505
4.078	0.93773
4.079	0.92194
4.08	0.94475
4.081	0.92722
4.082	0.93493
4.083	0.94722
4.084	0.94087
4.085	0.92347
4.086	0.94975
4.087	0.94944
4.088	0.94017
4.089	0.936
4.09	0.94726
4.091	0.96524
4.092	0.95108
4.093	0.95914
4.094	0.92296
4.095	0.91819
4.096	0.96646
4.097	0.93144
4.098	0.93588
4.099	0.94494
4.1	0.95418
4.101	0.9719
4.102	0.94022
4.103	0.93316
4.104	0.93402
4.105	0.93314
4.106	0.93381
4.107	0.95628
4.108	0.95315
4.109	0.95182
4.11	0.95367
4.111	0.94808
4.112	0.92174
4.113	0.91646
4.114	0.94022
4.115	0.92291
4.116	0.96329
4.117	0.93309
4.118	0.93606
4.119	0.92886
4.12	0.93343
4.121	0.94102
4.122	0.93599
4.123	0.9349
4.124	0.93761
4.125	0.94329
4.126	0.94162
4.127	0.9582
4.128	0.91245
4.129	0.92552
4.13	0.91052
4.131	0.93303
4.132	0.94157
4.133	0.93283
4.134	0.93649
4.135	0.9643
4.136	0.9542
4.137	0.94164
4.138	0.95439
4.139	0.9537
4.14	0.94427
4.141	0.96305
4.142	0.95164
4.143	0.92528
4.144	0.92098
4.145	0.94766
4.146	0.94739
4.147	0.9358
4.148	0.946
4.149	0.93944
4.15	0.93594
4.151	0.94699
4.152	0.93041
4.153	0.94857
4.154	0.91634
4.155	0.96788
4.156	0.93096
4.157	0.93183
4.158	0.93122
4.159	0.94742
4.16	0.91813
4.161	0.93081
4.162	0.93298
4.163	0.9314
4.164	0.94091
4.165	0.94819
4.166	0.95048
4.167	0.95013
4.168	0.95859
4.169	0.94796
4.17	0.92223
4.171	0.95486
4.172	0.9557
4.173	0.92996
4.174	0.93697
4.175	0.93161
4.176	0.92863
4.177	0.94067
4.178	0.92314
4.179	0.93644
4.18	0.94579
4.181	0.94355
4.182	0.92062
4.183	0.93712
4.184	0.94632
4.185	0.95465
4.186	0.91853
4.187	0.9076
4.188	0.94783
4.189	0.94461
4.19	0.95181
4.191	0.92142
4.192	0.93692
4.193	0.94739
4.194	0.92975
4.195	0.94283
4.196	0.94111
4.197	0.95147
4.198	0.93344
4.199	0.94714
4.2	0.94757
4.201	0.93893
4.202	0.9527
4.203	0.93806
4.204	0.9405
4.205	0.92908
4.206	0.92679
4.207	0.93506
4.208	0.9363
4.209	0.94188
4.21	0.94763
4.211	0.95547
4.212	0.92181
4.213	0.93293
4.214	0.9101
4.215	0.92569
4.216	0.94432
4.217	0.95975
4.218	0.93725
4.219	0.94121
4.22	0.93149
4.221	0.9398
4.222	0.96352
4.223	0.94075
4.224	0.91934
4.225	0.9481
4.226	0.94133
4.227	0.9171
4.228	0.94122
4.229	0.94929
4.23	0.9323
4.231	0.95372
4.232	0.9414
4.233	0.96086
4.234	0.94274
4.235	0.92033
4.236	0.97366
4.237	0.95502
4.238	0.95455
4.239	0.92774
4.24	0.94617
4.241	0.94535
4.242	0.93403
4.243	0.93973
4.244	0.93225
4.245	0.91302
4.246	0.92627
4.247	0.96177
4.248	0.9366
4.249	0.9278
4.25	0.9572
4.251	0.95985
4.252	0.94219
4.253	0.94096
4.254	0.96133
4.255	0.9369
4.256	0.96367
4.257	0.93829
4.258	0.91691
4.259	0.93411
4.26	0.94409
4.261	0.95859
4.262	0.94982
4.263	0.965
4.264	0.97988
4.265	0.92633
4.266	0.95054
4.267	0.94021
4.268	0.95021
4.269	0.92245
4.27	0.92911
4.271	0.95958
4.272	0.94338
4.273	0.93743
4.274	0.96198
4.275	0.93405
4.276	0.94042
4.277	0.93537
4.278	0.96966
4.279	0.93783
4.28	0.94769
4.281	0.97283
4.282	0.9651
4.283	0.94799
4.284	0.93162
4.285	0.95244
4.286	0.93631
4.287	0.93687
4.288	0.93393
4.289	0.95998
4.29	0.94005
4.291	0.93501
4.292	0.91926
4.293	0.95636
4.294	0.94279
4.295	0.93939
4.296	0.92944
4.297	0.91727
4.298	0.94126
4.299	0.9347
4.3	0.94889
4.301	0.93926
4.302	0.94832
4.303	0.95655
4.304	0.94919
4.305	0.96017
4.306	0.92441
4.307	0.94589
4.308	0.93478
4.309	0.96923
4.31	0.93561
4.311	0.94389
4.312	0.94852
4.313	0.9451
4.314	0.94549
4.315	0.94518
4.316	0.95762
4.317	0.94261
4.318	0.92601
4.319	0.95689
4.32	0.93042
4.321	0.94594
4.322	0.96604
4.323	0.93295
4.324	0.96063
4.325	0.94911
4.326	0.95742
4.327	0.9561
4.328	0.94959
4.329	0.9421
4.33	0.92751
4.331	0.92578
4.332	0.95011
4.333	0.94987
4.334	0.949
4.335	0.94184
4.336	0.92048
4.337	0.9463
4.338	0.91141
4.339	0.959
4.34	0.9476
4.341	0.93795
4.342	0.93807
4.343	0.91572
4.344	0.9489
4.345	0.93726
4.346	0.936
4.347	0.92754
4.348	0.95537
4.349	0.95223
4.35	0.95059
4.351	0.96938
4.352	0.94846
4.353	0.94198
4.354	0.94238
4.355	0.94969
4.356	0.9467
4.357	0.95706
4.358	0.94795
4.359	0.92796
4.36	0.92996
4.361	0.91645
4.362	0.93821
4.363	0.94438
4.364	0.95613
4.365	0.9375
4.366	0.94456
4.367	0.9405
4.368	0.92977
4.369	0.94831
4.37	0.96476
4.371	0.9849
4.372	0.9658
4.373	0.93943
4.374	0.94276
4.375	0.97041
4.376	0.94441
4.377	0.92617
4.378	0.94492
4.379	0.93176
4.38	0.93788
4.381	0.9287
4.382	0.94127
4.383	0.95004
4.384	0.95337
4.385	0.9479
4.386	0.94157
4.387	0.93445
4.388	0.94238
4.389	0.92058
4.39	0.96556
4.391	0.95941
4.392	0.96974
4.393	0.94752
4.394	0.94001
4.395	0.92538
4.396	0.93815
4.397	0.94981
4.398	0.91231
4.399	0.94427
4.4	0.94671
4.401	0.93459
4.402	0.94953
4.403	0.96473
4.404	0.96169
4.405	0.94416
4.406	0.90801
4.407	0.92368
4.408	0.94543
4.409	0.94432
4.41	0.93923
4.411	0.93449
4.412	0.91437
4.413	0.93057
4.414	0.94625
4.415	0.91964
4.416	0.9323
4.417	0.96461
4.418	0.94848
4.419	0.92601
4.42	0.94356
4.421	0.95312
4.422	0.94144
4.423	0.9144
4.424	0.9399
4.425	0.95207
4.426	0.9591
4.427	0.94711
4.428	0.96005
4.429	0.96215
4.43	0.94018
4.431	0.93924
4.432	0.92947
4.433	0.92817
4.434	0.95989
4.435	0.94911
4.436	0.94979
4.437	0.93423
4.438	0.9455
4.439	0.94311
4.44	0.93853
4.441	0.92367
4.442	0.94491
4.443	0.92104
4.444	0.93531
4.445	0.92681
4.446	0.9323
4.447	0.95368
4.448	0.95077
4.449	0.95943
4.45	0.94414
4.451	0.93606
4.452	0.92957
4.453	0.94946
4.454	0.9607
4.455	0.95318
4.456	0.92387
4.457	0.92951
4.458	0.9404
4.459	0.93973
4.46	0.93761
4.461	0.96109
4.462	0.961
4.463	0.94112
4.464	0.97618
4.465	0.93587
4.466	0.96898
4.467	0.95344
4.468	0.94988
4.469	0.93472
4.47	0.96607
4.471	0.91635
4.472	0.93219
4.473	0.91355
4.474	0.91133
4.475	0.92322
4.476	0.91002
4.477	0.95271
4.478	0.95413
4.479	0.94248
4.48	0.94997
4.481	0.95159
4.482	0.9356
4.483	0.9354
4.484	0.95061
4.485	0.94272
4.486	0.9496
4.487	0.95307
4.488	0.9516
4.489	0.97929
4.49	0.95348
4.491	0.95235
4.492	0.93916
4.493	0.95234
4.494	0.91483
4.495	0.94161
4.496	0.94806
4.497	0.95135
4.498	0.95453
4.499	0.95527
4.5	0.93892
4.501	0.94516
4.502	0.9587
4.503	0.90403
4.504	0.94822
4.505	0.97376
4.506	0.95395
4.507	0.94878
4.508	0.96382
4.509	0.96278
4.51	0.95751
4.511	0.94083
4.512	0.9501
4.513	0.94015
4.514	0.92678
4.515	0.9471
4.516	0.91981
4.517	0.94285
4.518	0.94302
4.519	0.94309
4.52	0.94723
4.521	0.92502
4.522	0.93078
4.523	0.96199
4.524	0.95386
4.525	0.94689
4.526	0.92509
4.527	0.92667
4.528	0.96323
4.529	0.94229
4.53	0.93612
4.531	0.93704
4.532	0.93366
4.533	0.92562
4.534	0.94411
4.535	0.93909
4.536	0.94307
4.537	0.93723
4.538	0.94645
4.539	0.9757
4.54	0.95095
4.541	0.93898
4.542	0.93006
4.543	0.96155
4.544	0.93217
4.545	0.91799
4.546	0.94105
4.547	0.9286
4.548	0.93729
4.549	0.95438
4.55	0.92223
4.551	0.93415
4.552	0.93278
4.553	0.91122
4.554	0.93524
4.555	0.95495
4.556	0.93687
4.557	0.94261
4.558	0.94168
4.559	0.94761
4.56	0.97592
4.561	0.95596
4.562	0.95278
4.563	0.95256
4.564	0.94075
4.565	0.94306
4.566	0.96255
4.567	0.94454
4.568	0.92423
4.569	0.92659
4.57	0.9195
4.571	0.94218
4.572	0.96029
4.573	0.92557
4.574	0.92681
4.575	0.94666
4.576	0.93807
4.577	0.95454
4.578	0.93979
4.579	0.93798
4.58	0.94946
4.581	0.9453
4.582	0.94553
4.583	0.963
4.584	0.95031
4.585	0.92517
4.586	0.92088
4.587	0.93055
4.588	0.92481
4.589	0.96325
4.59	0.95097
4.591	0.96201
4.592	0.9408
4.593	0.9734
4.594	0.93415
4.595	0.94492
4.596	0.95337
4.597	0.95442
4.598	0.95794
4.599	0.95061
4.6	0.93606
4.601	0.97474
4.602	0.95583
4.603	0.93357
4.604	0.94598
4.605	0.93216
4.606	0.94621
4.607	0.9379
4.608	0.95083
4.609	0.95187
4.61	0.93433
4.611	0.94639
4.612	0.95343
4.613	0.95759
4.614	0.94005
4.615	0.95415
4.616	0.95861
4.617	0.98011
4.618	0.95898
4.619	0.93365
4.62	0.94772
4.621	0.93701
4.622	0.94442
4.623	0.9271
4.624	0.93826
4.625	0.95062
4.626	0.91495
4.627	0.944
4.628	0.967
4.629	0.95229
4.63	0.96149
4.631	0.94164
4.632	0.91913
4.633	0.94272
4.634	0.95885
4.635	0.94181
4.636	0.95824
4.637	0.94931
4.638	0.95472
4.639	0.94267
4.64	0.93218
4.641	0.9381
4.642	0.93953
4.643	0.95097
4.644	0.97417
4.645	0.91769
4.646	0.94861
4.647	0.9603
4.648	0.90062
4.649	0.91706
4.65	0.94905
4.651	0.93911
4.652	0.95106
4.653	0.96005
4.654	0.93156
4.655	0.94237
4.656	0.92213
4.657	0.95241
4.658	0.94368
4.659	0.95068
4.66	0.92429
4.661	0.93524
4.662	0.94965
4.663	0.94309
4.664	0.94867
4.665	0.95728
4.666	0.93658
4.667	0.93354
4.668	0.94101
4.669	0.91535
4.67	0.92369
4.671	0.92979
4.672	0.94467
4.673	0.94641
4.674	0.96102
4.675	0.95219
4.676	0.94739
4.677	0.92393
4.678	0.95584
4.679	0.9427
4.68	0.97542
4.681	0.94652
4.682	0.96678
4.683	0.95141
4.684	0.96106
4.685	0.9649
4.686	0.95467
4.687	0.93762
4.688	0.96132
4.689	0.96825
4.69	0.94772
4.691	0.96208
4.692	0.92539
4.693	0.95432
4.694	0.94604
4.695	0.93541
4.696	0.9337
4.697	0.93559
4.698	0.94928
4.699	0.94775
4.7	0.94888
4.701	0.92656
4.702	0.91974
4.703	0.92103
4.704	0.95869
4.705	0.94794
4.706	0.94299
4.707	0.94516
4.708	0.95259
4.709	0.91795
4.71	0.94882
4.711	0.92622
4.712	0.93346
4.713	0.94566
4.714	0.94945
4.715	0.95014
4.716	0.94375
4.717	0.93157
4.718	0.94629
4.719	0.96175
4.72	0.92753
4.721	0.95984
4.722	0.93894
4.723	0.95341
4.724	0.91553
4.725	0.94463
4.726	0.94395
4.727	0.94352
4.728	0.94184
4.729	0.94285
4.73	0.93763
4.731	0.95511
4.732	0.95803
4.733	0.94918
4.734	0.93581
4.735	0.9298
4.736	0.92976
4.737	0.92367
4.738	0.93409
4.739	0.93865
4.74	0.9286
4.741	0.92779
4.742	0.92466
4.743	0.94987
4.744	0.94154
4.745	0.94532
4.746	0.94744
4.747	0.93614
4.748	0.94756
4.749	0.9468
4.75	0.93501
4.751	0.95633
4.752	0.92398
4.753	0.95414
4.754	0.9493
4.755	0.95379
4.756	0.94917
4.757	0.96916
4.758	0.95667
4.759	0.92993
4.76	0.96611
4.761	0.94062
4.762	0.94351
4.763	0.93468
4.764	0.95336
4.765	0.94943
4.766	0.96563
4.767	0.95127
4.768	0.92716
4.769	0.90772
4.77	0.94735
4.771	0.94403
4.772	0.94044
4.773	0.9524
4.774	0.96715
4.775	0.96113
4.776	0.95109
4.777	0.94913
4.778	0.9592
4.779	0.94388
4.78	0.93865
4.781	0.95756
4.782	0.91936
4.783	0.94734
4.784	0.93874
4.785	0.95742
4.786	0.96005
4.787	0.94211
4.788	0.93806
4.789	0.93964
4.79	0.96958
4.791	0.93407
4.792	0.94069
4.793	0.93224
4.794	0.94249
4.795	0.94981
4.796	0.94539
4.797	0.95064
4.798	0.95114
4.799	0.93784
4.8	0.95879
4.801	0.95764
4.802	0.96859
4.803	0.95946
4.804	0.93422
4.805	0.92474
4.806	0.96653
4.807	0.94417
4.808	0.9452
4.809	0.95809
4.81	0.92384
4.811	0.91798
4.812	0.94675
4.813	0.93828
4.814	0.95393
4.815	0.95511
4.816	0.95001
4.817	0.94388
4.818	0.92741
4.819	0.93121
4.82	0.96762
4.821	0.95212
4.822	0.93975
4.823	0.93816
4.824	0.94305
4.825	0.97102
4.826	0.96544
4.827	0.95979
4.828	0.93556
4.829	0.95318
4.83	0.93607
4.831	0.94112
4.832	0.96077
4.833	0.95365
4.834	0.92014
4.835	0.95053
4.836	0.93821
4.837	0.95123
4.838	0.95255
4.839	0.96083
4.84	0.95478
4.841	0.93338
4.842	0.94056
4.843	0.95993
4.844	0.91559
4.845	0.95761
4.846	0.94923
4.847	0.94701
4.848	0.91775
4.849	0.94764
4.85	0.95715
4.851	0.92881
4.852	0.9396
4.853	0.94807
4.854	0.95063
4.855	0.94255
4.856	0.94724
4.857	0.93588
4.858	0.94951
4.859	0.92248
4.86	0.93975
4.861	0.9379
4.862	0.93356
4.863	0.96285
4.864	0.95353
4.865	0.93894
4.866	0.98069
4.867	0.92132
4.868	0.95052
4.869	0.95868
4.87	0.97437
4.871	0.94578
4.872	0.93405
4.873	0.96156
4.874	0.95058
4.875	0.95067
4.876	0.94512
4.877	0.94031
4.878	0.97304
4.879	0.95011
4.88	0.95949
4.881	0.95955
4.882	0.95494
4.883	0.95846
4.884	0.95067
4.885	0.97614
4.886	0.92193
4.887	0.95989
4.888	0.92363
4.889	0.97456
4.89	0.94167
4.891	0.94607
4.892	0.93974
4.893	0.92739
4.894	0.91395
4.895	0.93521
4.896	0.94711
4.897	0.96356
4.898	0.94082
4.899	0.93799
4.9	0.95218
4.901	0.94081
4.902	0.96502
4.903	0.96101
4.904	0.95647
4.905	0.96391
4.906	0.97115
4.907	0.94651
4.908	0.95152
4.909	0.94026
4.91	0.94992
4.911	0.93903
4.912	0.94123
4.913	0.95549
4.914	0.96264
4.915	0.94006
4.916	0.96668
4.917	0.95067
4.918	0.96168
4.919	0.96577
4.92	0.96653
4.921	0.95045
4.922	0.93264
4.923	0.94792
4.924	0.9398
4.925	0.93512
4.926	0.93687
4.927	0.93664
4.928	0.94826
4.929	0.92728
4.93	0.92731
4.931	0.94538
4.932	0.97116
4.933	0.9458
4.934	0.95255
4.935	0.94525
4.936	0.94186
4.937	0.93447
4.938	0.94781
4.939	0.93766
4.94	0.94248
4.941	0.92953
4.942	0.93745
4.943	0.90155
4.944	0.93502
4.945	0.95206
4.946	0.94027
4.947	0.93819
4.948	0.95052
4.949	0.95812
4.95	0.95946
4.951	0.95688
4.952	0.94859
4.953	0.93245
4.954	0.93764
4.955	0.96791
4.956	0.98154
4.957	0.97124
4.958	0.92992
4.959	0.96416
4.96	0.9631
4.961	0.95264
4.962	0.9377
4.963	0.92687
4.964	0.93729
4.965	0.94606
4.966	0.91853
4.967	0.97805
4.968	0.96634
4.969	0.9404
4.97	0.9559
4.971	0.96939
4.972	0.97591
4.973	0.92357
4.974	0.91425
4.975	0.96246
4.976	0.94278
4.977	0.96195
4.978	0.95383
4.979	0.95939
4.98	0.98984
4.981	0.93632
4.982	0.97291
4.983	0.92183
4.984	0.94135
4.985	0.94617
4.986	0.94528
4.987	0.93605
4.988	0.94221
4.989	0.93333
4.99	0.95218
4.991	0.93283
4.992	0.94905
4.993	0.92931
4.994	0.94541
4.995	0.94932
4.996	0.96817
4.997	0.96368
4.998	0.93838
4.999	0.9451
5	0.9432
5.001	0.96131
5.002	0.95906
5.003	0.96513
5.004	0.93304
5.005	0.93137
5.006	0.94689
5.007	0.96025
5.008	0.96527
5.009	0.90852
5.01	0.95202
5.011	0.94845
5.012	0.92476
5.013	0.92884
5.014	0.94752
5.015	0.94942
5.016	0.9506
5.017	0.94709
5.018	0.95743
5.019	0.94927
5.02	0.93174
5.021	0.93456
5.022	0.94812
5.023	0.94406
5.024	0.96995
5.025	0.95332
5.026	0.95844
5.027	0.93202
5.028	0.98224
5.029	0.96886
5.03	0.92152
5.031	0.95648
5.032	0.94831
5.033	0.94216
5.034	0.92606
5.035	0.9454
5.036	0.97197
5.037	0.94568
5.038	0.95029
5.039	0.94595
5.04	0.94455
5.041	0.94591
5.042	0.95488
5.043	0.93394
5.044	0.94828
5.045	0.94942
5.046	0.93875
5.047	0.96099
5.048	0.94071
5.049	0.94416
5.05	0.93432
5.051	0.96492
5.052	0.94951
5.053	0.93991
5.054	0.94006
5.055	0.95793
5.056	0.95658
5.057	0.9529
5.058	0.94358
5.059	0.92792
5.06	0.9674
5.061	0.9328
5.062	0.93441
5.063	0.94289
5.064	0.95534
5.065	0.95065
5.066	0.94297
5.067	0.97284
5.068	0.92738
5.069	0.97041
5.07	0.98616
5.071	0.95172
5.072	0.94329
5.073	0.9793
5.074	0.95001
5.075	0.95952
5.076	0.96553
5.077	0.9639
5.078	0.95446
5.079	0.93982
5.08	0.93959
5.081	0.93456
5.082	0.94824
5.083	0.95489
5.084	0.94203
5.085	0.94318
5.086	0.93098
5.087	0.93212
5.088	0.95154
5.089	0.92066
5.09	0.93632
5.091	0.98649
5.092	0.93793
5.093	0.94291
5.094	0.93424
5.095	0.95608
5.096	0.94588
5.097	0.98302
5.098	0.95976
5.099	0.96048
5.1	0.94816
5.101	0.94259
5.102	0.93218
5.103	0.96863
5.104	0.94862
5.105	0.94309
5.106	0.94612
5.107	0.94786
5.108	0.93351
5.109	0.92737
5.11	0.95244
5.111	0.96126
5.112	0.96056
5.113	0.95484
5.114	0.96703
5.115	0.94006
5.116	0.94257
5.117	0.95042
5.118	0.9417
5.119	0.95648
5.12	0.95598
5.121	0.94532
5.122	0.95171
5.123	0.96563
5.124	0.94397
5.125	0.95851
5.126	0.93157
5.127	0.93403
5.128	0.93763
5.129	0.96893
5.13	0.95378
5.131	0.96041
5.132	0.92919
5.133	0.95833
5.134	0.95756
5.135	0.91619
5.136	0.93429
5.137	0.92735
5.138	0.95767
5.139	0.96572
5.14	0.92776
5.141	0.95049
5.142	0.95175
5.143	0.97307
5.144	0.93731
5.145	0.95611
5.146	0.96393
5.147	0.93162
5.148	0.95944
5.149	0.96365
5.15	0.95169
5.151	0.97741
5.152	0.9636
5.153	0.96483
5.154	0.96585
5.155	0.95992
5.156	0.95776
5.157	0.96438
5.158	0.93616
5.159	0.95559
5.16	0.94488
5.161	0.94224
5.162	0.95127
5.163	0.92007
5.164	0.96819
5.165	0.92664
5.166	0.96094
5.167	0.95123
5.168	0.95481
5.169	0.94533
5.17	0.94778
5.171	0.94025
5.172	0.94017
5.173	0.93902
5.174	0.95534
5.175	0.92483
5.176	0.92555
5.177	0.94616
5.178	0.91893
5.179	0.96088
5.18	0.96159
5.181	0.96985
5.182	0.97613
5.183	0.92981
5.184	0.95435
5.185	0.9346
5.186	0.93988
5.187	0.93365
5.188	0.92425
5.189	0.94601
5.19	0.9474
5.191	0.95351
5.192	0.93047
5.193	0.96066
5.194	0.94812
5.195	0.94455
5.196	0.92816
5.197	0.96111
5.198	0.93663
5.199	0.93967
5.2	0.94959
5.201	0.9522
5.202	0.96121
5.203	0.94081
5.204	0.95964
5.205	0.95057
5.206	0.92465
5.207	0.94474
5.208	0.93828
5.209	0.95302
5.21	0.95481
5.211	0.94024
5.212	0.9736
5.213	0.93254
5.214	0.90978
5.215	0.97766
5.216	0.95149
5.217	0.96121
5.218	0.94993
5.219	0.9268
5.22	0.98118
5.221	0.93829
5.222	0.94147
5.223	0.96218
5.224	0.95952
5.225	0.95113
5.226	0.94576
5.227	0.96044
5.228	0.95726
5.229	0.92996
5.23	0.93707
5.231	0.91635
5.232	0.93549
5.233	0.94296
5.234	0.95678
5.235	0.93455
5.236	0.93636
5.237	0.95518
5.238	0.97034
5.239	0.95374
5.24	0.94925
5.241	0.93989
5.242	0.95216
5.243	0.92652
5.244	0.90846
5.245	0.94007
5.246	0.9368
5.247	0.9422
5.248	0.93943
5.249	0.96305
5.25	0.93737
5.251	0.95054
5.252	0.96264
5.253	0.95743
5.254	0.93841
5.255	0.93057
5.256	0.95244
5.257	0.93816
5.258	0.94918
5.259	0.96376
5.26	0.96444
5.261	0.95137
5.262	0.96084
5.263	0.95909
5.264	0.94493
5.265	0.96088
5.266	0.95545
5.267	0.93527
5.268	0.96583
5.269	0.96535
5.27	0.92733
5.271	0.9109
5.272	0.91815
5.273	0.95562
5.274	0.97503
5.275	0.95372
5.276	0.9491
5.277	0.94821
5.278	0.92619
5.279	0.93327
5.28	0.94819
5.281	0.96667
5.282	0.96193
5.283	0.94783
5.284	0.93065
5.285	0.93019
5.286	0.95265
5.287	0.91659
5.288	0.92418
5.289	0.94321
5.29	0.95037
5.291	0.95182
5.292	0.966
5.293	0.95902
5.294	0.95696
5.295	0.94942
5.296	0.97608
5.297	0.95436
5.298	0.96453
5.299	0.95977
5.3	0.97209
5.301	0.9516
5.302	0.95014
5.303	0.92751
5.304	0.95262
5.305	0.933
5.306	0.93916
5.307	0.96241
5.308	0.91815
5.309	0.94981
5.31	0.95954
5.311	0.95731
5.312	0.96888
5.313	0.95346
5.314	0.96235
5.315	0.95451
5.316	0.95384
5.317	0.95793
5.318	1
5.319	0.95091
5.32	0.9641
5.321	0.97466
5.322	0.97725
5.323	0.9419
5.324	0.94837
5.325	0.94681
5.326	0.94027
5.327	0.93211
5.328	0.94785
5.329	0.95465
5.33	0.95348
5.331	0.92646
5.332	0.96825
5.333	0.96678
5.334	0.96957
5.335	0.92793
5.336	0.95846
5.337	0.94199
5.338	0.94371
5.339	0.92093
5.34	0.94322
5.341	0.92174
5.342	0.94698
5.343	0.96532
5.344	0.94299
5.345	0.94707
5.346	0.94857
5.347	0.92799
5.348	0.93545
5.349	0.96405
5.35	0.96512
5.351	0.9422
5.352	0.95241
5.353	0.93658
5.354	0.9307
5.355	0.96837
5.356	0.96178
5.357	0.95073
5.358	0.97546
5.359	0.96397
5.36	0.94305
5.361	0.94101
5.362	0.94464
5.363	0.9548
5.364	0.97392
5.365	0.94387
5.366	0.93926
5.367	0.94583
5.368	0.94252
5.369	0.93853
5.37	0.93552
5.371	0.95677
5.372	0.94956
5.373	0.95015
5.374	0.93979
5.375	0.96745
5.376	0.95336
5.377	0.9301
5.378	0.93616
5.379	0.93483
5.38	0.9338
5.381	0.94892
5.382	0.94359
5.383	0.95776
5.384	0.96895
5.385	0.92754
5.386	0.93406
5.387	0.9413
5.388	0.93015
5.389	0.91787
5.39	0.92238
5.391	0.93384
5.392	0.96237
5.393	0.94444
5.394	0.9285
5.395	0.97453
5.396	0.9569
5.397	0.97555
5.398	0.93576
5.399	0.94681
5.4	0.93382
5.401	0.9658
5.402	0.94135
5.403	0.94752
5.404	0.94789
5.405	0.96119
5.406	0.95684
5.407	0.94345
5.408	0.96347
5.409	0.94119
5.41	0.93918
5.411	0.95403
5.412	0.96178
5.413	0.95706
5.414	0.94519
5.415	0.97866
5.416	0.96048
5.417	0.94052
5.418	0.95965
5.419	0.96236
5.42	0.93843
5.421	0.95228
5.422	0.96382
5.423	0.95452
5.424	0.92711
5.425	0.93019
5.426	0.92429
5.427	0.94787
5.428	0.96693
5.429	0.96547
5.43	0.96448
5.431	0.95877
5.432	0.93433
5.433	0.93551
5.434	0.96916
5.435	0.96311
5.436	0.94892
5.437	0.97117
5.438	0.93432
5.439	0.92806
5.44	0.92716
5.441	0.92206
5.442	0.95439
5.443	0.96667
5.444	0.93172
5.445	0.9337
5.446	0.98357
5.447	0.9802
5.448	0.97348
5.449	0.96601
5.45	0.94957
5.451	0.96263
5.452	0.94859
5.453	0.94872
5.454	0.91289
5.455	0.95281
5.456	0.9758
5.457	0.94084
5.458	0.90726
5.459	0.95417
5.46	0.93012
5.461	0.92438
5.462	0.95388
5.463	0.94184
5.464	0.95774
5.465	0.94651
5.466	0.94876
5.467	0.93846
5.468	0.97196
5.469	0.96523
5.47	0.92947
5.471	0.94872
5.472	0.96072
5.473	0.96114
5.474	0.94557
5.475	0.96988
5.476	0.95503
5.477	0.94862
5.478	0.95303
5.479	0.9437
5.48	0.95484
5.481	0.93536
5.482	0.955
5.483	0.92402
5.484	0.93623
5.485	0.93582
5.486	0.93688
5.487	0.9543
5.488	0.95186
5.489	0.94632
5.49	0.95049
5.491	0.93494
5.492	0.93082
5.493	0.92483
5.494	0.93188
5.495	0.95381
5.496	0.97116
5.497	0.95037
5.498	0.97513
5.499	0.93094
5.5	0.95499
5.501	0.96652
5.502	0.9468
5.503	0.96168
5.504	0.96154
5.505	0.95823
5.506	0.94955
5.507	0.9424
5.508	0.93551
5.509	0.96364
5.51	0.95169
5.511	0.97701
5.512	0.95095
5.513	0.9433
5.514	0.94591
5.515	0.94121
5.516	0.91187
5.517	0.9231
5.518	0.95622
5.519	0.96736
5.52	0.93582
5.521	0.94388
5.522	0.96187
5.523	0.95032
5.524	0.92417
5.525	0.95725
5.526	0.96389
5.527	0.9658
5.528	0.96202
5.529	0.95306
5.53	0.93885
5.531	0.93817
5.532	0.95279
5.533	0.92191
5.534	0.95919
5.535	0.97024
5.536	0.95826
5.537	0.92576
5.538	0.94906
5.539	0.94223
5.54	0.96497
5.541	0.96299
5.542	0.9252
5.543	0.93968
5.544	0.98418
5.545	0.96209
5.546	0.97601
5.547	0.97988
5.548	0.96032
5.549	0.91887
5.55	0.94807
5.551	0.92372
5.552	0.93397
5.553	0.94576
5.554	0.92527
5.555	0.95459
5.556	0.94325
5.557	0.94469
5.558	0.97542
5.559	0.97059
5.56	0.93088
5.561	0.95032
5.562	0.95378
5.563	0.96246
5.564	0.9558
5.565	0.96629
5.566	0.97122
5.567	0.99403
5.568	0.93185
5.569	0.95947
5.57	0.96792
5.571	0.93909
5.572	0.94622
5.573	0.94262
5.574	0.94576
5.575	0.93868
5.576	0.93931
5.577	0.94665
5.578	0.94347
5.579	0.94474
5.58	0.96294
5.581	0.93416
5.582	0.9349
5.583	0.9399
5.584	0.95549
5.585	0.96212
5.586	0.94502
5.587	0.95742
5.588	0.96726
5.589	0.96724
5.59	0.9669
5.591	0.9614
5.592	0.95
5.593	0.96761
5.594	0.94286
5.595	0.97701
5.596	0.95298
5.597	0.95137
5.598	0.94622
5.599	0.95659
5.6	0.94218
5.601	0.97104
5.602	0.93737
5.603	0.92439
5.604	0.92683
5.605	0.9529
5.606	0.95267
5.607	0.95905
5.608	0.94383
5.609	0.94312
5.61	0.91767
5.611	0.92953
5.612	0.93297
5.613	0.94839
5.614	0.94479
5.615	0.95657
5.616	0.9342
5.617	0.9313
5.618	0.96768
5.619	0.95292
5.62	0.96615
5.621	0.93664
5.622	0.95635
5.623	0.93505
5.624	0.97355
5.625	0.94629
5.626	0.96583
5.627	0.96455
5.628	0.95131
5.629	0.9404
5.63	0.94798
5.631	0.93943
5.632	0.95812
5.633	0.9643
5.634	0.94191
5.635	0.94946
5.636	0.97181
5.637	0.92623
5.638	0.98024
5.639	0.93698
5.64	0.95413
5.641	0.97083
5.642	0.94772
5.643	0.9491
5.644	0.94989
5.645	0.97594
5.646	0.96394
5.647	0.93888
5.648	0.94152
5.649	0.94421
5.65	0.95362
5.651	0.97084
5.652	0.98095
5.653	0.96243
5.654	0.96116
5.655	0.95318
5.656	0.9396
5.657	0.94575
5.658	0.964
5.659	0.93041
5.66	0.95901
5.661	0.9519
5.662	0.96946
5.663	0.94685
5.664	0.95296
5.665	0.93724
5.666	0.96475
5.667	0.99257
5.668	0.95027
5.669	0.94021
5.67	0.96655
5.671	0.95535
5.672	0.93551
5.673	0.95325
5.674	0.97846
5.675	0.96133
5.676	0.93812
5.677	0.93696
5.678	0.96944
5.679	0.95982
5.68	0.98213
5.681	0.95132
5.682	0.96611
5.683	0.94026
5.684	0.94246
5.685	0.95273
5.686	0.96619
5.687	0.95319
5.688	0.95689
5.689	0.94303
5.69	0.94771
5.691	0.95446
5.692	0.93277
5.693	0.95763
5.694	0.94665
5.695	0.93634
5.696	0.95007
5.697	0.96625
5.698	0.97371
5.699	0.95644
5.7	0.95617
5.701	0.95057
5.702	0.96034
5.703	0.96711
5.704	0.9605
5.705	0.97428
5.706	0.95339
5.707	0.92408
5.708	0.99237
5.709	0.93632
5.71	0.92847
5.711	0.95
5.712	0.97803
5.713	0.95442
5.714	0.97161
5.715	0.97473
5.716	0.96524
5.717	0.93967
5.718	0.94343
5.719	0.95341
5.72	0.94429
5.721	0.96555
5.722	0.96012
5.723	0.97852
5.724	0.98307
5.725	0.96593
5.726	0.94196
5.727	0.95586
5.728	0.95483
5.729	0.93975
5.73	0.97325
5.731	0.95317
5.732	0.98239
5.733	0.98303
5.734	0.95345
5.735	0.93561
5.736	0.96139
5.737	0.9431
5.738	0.96708
5.739	0.97378
5.74	0.95476
5.741	0.95823
5.742	0.93975
5.743	0.963
5.744	0.95671
5.745	0.92876
5.746	0.9295
5.747	0.9786
5.748	0.95527
5.749	0.95481
5.75	0.94428
5.751	0.9323
5.752	0.94199
5.753	0.97283
5.754	0.94386
5.755	0.93675
5.756	0.94047
5.757	0.92793
5.758	0.96016
5.759	0.945
5.76	0.98291
5.761	0.96048
5.762	0.93042
5.763	0.95779
5.764	0.95248
5.765	0.96524
5.766	0.9806
5.767	0.95609
5.768	0.94405
5.769	0.94067
5.77	0.96157
5.771	0.97326
5.772	0.96963
5.773	0.96984
5.774	0.97863
5.775	0.95979
5.776	0.9477
5.777	0.96295
5.778	0.94996
5.779	0.9589
5.78	0.94548
5.781	0.94357
5.782	0.95332
5.783	0.95569
5.784	0.92871
5.785	0.96962
5.786	0.97381
5.787	0.95213
5.788	0.96157
5.789	0.96913
5.79	0.94791
5.791	0.93453
5.792	0.95249
5.793	0.95939
5.794	0.93265
5.795	0.96148
5.796	0.96941
5.797	0.92381
5.798	0.95337
5.799	0.96619
5.8	0.9633
5.801	0.94764
5.802	0.93945
5.803	0.93298
5.804	0.95218
5.805	0.97216
5.806	0.97409
5.807	0.97447
5.808	0.98892
5.809	0.95414
5.81	0.94176
5.811	0.96617
5.812	0.94164
5.813	0.9491
5.814	0.92941
5.815	0.95429
5.816	0.97254
5.817	0.95109
5.818	0.94597
5.819	0.93777
5.82	0.93739
5.821	0.95025
5.822	0.95019
5.823	0.95139
5.824	0.93491
5.825	0.95034
5.826	0.94926
5.827	0.94619
5.828	0.95156
5.829	0.95422
5.83	0.9451
5.831	0.93339
5.832	0.9697
5.833	0.94513
5.834	0.95875
5.835	0.94689
5.836	0.93286
5.837	0.9498
5.838	0.95637
5.839	0.94507
5.84	0.95374
5.841	0.94545
5.842	0.95662
5.843	0.96152
5.844	0.95649
5.845	0.95476
5.846	0.95673
5.847	0.94758
5.848	0.95821
5.849	0.9528
5.85	0.95928
5.851	0.95571
5.852	0.95344
5.853	0.9505
5.854	0.96484
5.855	0.92729
5.856	0.93247
5.857	0.94622
5.858	0.94689
5.859	0.97318
5.86	0.93598
5.861	0.93618
5.862	0.96717
5.863	0.95183
5.864	0.97903
5.865	0.94462
5.866	0.93483
5.867	0.95904
5.868	0.9573
5.869	0.93075
5.87	0.97186
5.871	0.93361
5.872	0.91747
5.873	0.93017
5.874	0.93928
5.875	0.94553
5.876	0.94601
5.877	0.93114
5.878	0.95964
5.879	0.97446
5.88	0.96265
5.881	0.93961
5.882	0.95942
5.883	0.92488
5.884	0.94271
5.885	0.96172
5.886	0.95495
5.887	0.94594
5.888	0.9574
5.889	0.96283
5.89	0.93248
5.891	0.92394
5.892	0.9467
5.893	0.93221
5.894	0.94428
5.895	0.94036
5.896	0.92581
5.897	0.95306
5.898	0.97252
5.899	0.96399
5.9	0.9265
5.901	0.96019
5.902	0.95953
5.903	0.94677
5.904	0.92654
5.905	0.96749
5.906	0.95308
5.907	0.96034
5.908	0.96495
5.909	0.96075
5.91	0.96558
5.911	0.92448
5.912	0.95823
5.913	0.98311
5.914	0.96368
5.915	0.93835
5.916	0.92528
5.917	0.95509
5.918	0.96837
5.919	0.94171
5.92	0.9603
5.921	0.98921
5.922	0.96495
5.923	0.92502
5.924	0.9582
5.925	0.98415
5.926	0.97251
5.927	0.96894
5.928	0.97188
5.929	0.9402
5.93	0.92667
5.931	0.9648
5.932	0.95838
5.933	0.93976
5.934	0.93669
5.935	0.92311
5.936	0.972
5.937	0.93866
5.938	0.9396
5.939	0.95067
5.94	0.95613
5.941	0.96855
5.942	0.94658
5.943	0.94161
5.944	0.95908
5.945	0.96185
5.946	0.93679
5.947	0.95293
5.948	0.96589
5.949	0.981
5.95	0.94457
5.951	0.92452
5.952	0.96409
5.953	0.90562
5.954	0.94237
5.955	0.9548
5.956	0.97878
5.957	0.97239
5.958	0.96305
5.959	0.9641
5.96	0.95333
5.961	0.97748
5.962	0.94158
5.963	0.93925
5.964	0.94849
5.965	0.97221
5.966	0.95499
5.967	0.93476
5.968	0.9437
5.969	0.93079
5.97	0.97994
5.971	0.96023
5.972	0.95609
5.973	0.95781
5.974	0.95125
5.975	0.94599
5.976	0.94214
5.977	0.95873
5.978	0.94582
5.979	0.98562
5.98	0.94842
5.981	0.95069
5.982	0.96007
5.983	0.9607
5.984	0.94639
5.985	0.97638
5.986	0.95057
5.987	0.94496
5.988	0.95492
5.989	0.95543
5.99	0.93349
5.991	0.9687
5.992	0.96541
5.993	0.9708
5.994	0.94906
5.995	0.93972
5.996	0.96864
5.997	0.9424
5.998	0.96045
5.999	0.95538
6	0.94266
