0	9.04976E-17
4.9E-8	4.47393E-9
9.8E-8	9.02821E-9
1.47E-7	1.36648E-8
1.96E-7	1.83857E-8
2.45E-7	2.31929E-8
2.94E-7	2.80885E-8
3.43E-7	3.30747E-8
3.92E-7	3.81538E-8
4.41E-7	4.3328E-8
4.9E-7	4.85997E-8
5.39E-7	5.39712E-8
5.88E-7	5.94451E-8
6.37E-7	6.50238E-8
6.86E-7	7.07101E-8
7.35E-7	7.65066E-8
7.84E-7	8.2416E-8
8.33E-7	8.84411E-8
8.82E-7	9.4585E-8
9.31E-7	1.00851E-7
9.8E-7	1.07241E-7
1.029E-6	1.13759E-7
1.078E-6	1.20408E-7
1.127E-6	1.27191E-7
1.176E-6	1.34113E-7
1.225E-6	1.41175E-7
1.274E-6	1.48382E-7
1.323E-6	1.55738E-7
1.372E-6	1.63246E-7
1.421E-6	1.7091E-7
1.47E-6	1.78733E-7
1.519E-6	1.8672E-7
1.568E-6	1.94876E-7
1.617E-6	2.03203E-7
1.666E-6	2.11706E-7
1.715E-6	2.2039E-7
1.764E-6	2.29259E-7
1.813E-6	2.38318E-7
1.862E-6	2.4757E-7
1.911E-6	2.57022E-7
1.96E-6	2.66677E-7
2.009E-6	2.7654E-7
2.058E-6	2.86616E-7
2.107E-6	2.9691E-7
2.156E-6	3.07427E-7
2.205E-6	3.18172E-7
2.254E-6	3.29151E-7
2.303E-6	3.40368E-7
2.352E-6	3.51828E-7
2.401E-6	3.63537E-7
2.45E-6	3.75501E-7
2.499E-6	3.87723E-7
2.548E-6	4.0021E-7
2.597E-6	4.12967E-7
2.646E-6	4.25999E-7
2.695E-6	4.39312E-7
2.744E-6	4.5291E-7
2.793E-6	4.66798E-7
2.842E-6	4.80982E-7
2.891E-6	4.95467E-7
2.94E-6	5.10258E-7
2.989E-6	5.25359E-7
3.038E-6	5.40775E-7
3.087E-6	5.56511E-7
3.136E-6	5.72571E-7
3.185E-6	5.88959E-7
3.234E-6	6.0568E-7
3.283E-6	6.22737E-7
3.332E-6	6.40134E-7
3.381E-6	6.57874E-7
3.43E-6	6.75961E-7
3.479E-6	6.94397E-7
3.528E-6	7.13185E-7
3.577E-6	7.32327E-7
3.626E-6	7.51826E-7
3.675E-6	7.71683E-7
3.724E-6	7.91899E-7
3.773E-6	8.12476E-7
3.822E-6	8.33414E-7
3.871E-6	8.54714E-7
3.92E-6	8.76375E-7
3.969E-6	8.98396E-7
4.018E-6	9.20778E-7
4.067E-6	9.43519E-7
4.116E-6	9.66617E-7
4.165E-6	9.9007E-7
4.214E-6	1.01388E-6
4.263E-6	1.03803E-6
4.312E-6	1.06254E-6
4.361E-6	1.08738E-6
4.41E-6	1.11257E-6
4.459E-6	1.13809E-6
4.508E-6	1.16394E-6
4.557E-6	1.19011E-6
4.606E-6	1.21661E-6
4.655E-6	1.24341E-6
4.704E-6	1.27053E-6
4.753E-6	1.29795E-6
4.802E-6	1.32566E-6
4.851E-6	1.35365E-6
4.9E-6	1.38193E-6
4.949E-6	1.41048E-6
4.998E-6	1.43929E-6
5.047E-6	1.46836E-6
5.096E-6	1.49767E-6
5.145E-6	1.52722E-6
5.194E-6	1.557E-6
5.243E-6	1.587E-6
5.292E-6	1.6172E-6
5.341E-6	1.64761E-6
5.39E-6	1.67821E-6
5.439E-6	1.70899E-6
5.488E-6	1.73993E-6
5.537E-6	1.77104E-6
5.586E-6	1.80229E-6
5.635E-6	1.83368E-6
5.684E-6	1.86519E-6
5.733E-6	1.89681E-6
5.782E-6	1.92854E-6
5.831E-6	1.96036E-6
5.88E-6	1.99225E-6
5.929E-6	2.02421E-6
5.978E-6	2.05623E-6
6.027E-6	2.08828E-6
6.076E-6	2.12036E-6
6.125E-6	2.15245E-6
6.174E-6	2.18454E-6
6.223E-6	2.21662E-6
6.272E-6	2.24867E-6
6.321E-6	2.28067E-6
6.37E-6	2.31263E-6
6.419E-6	2.34451E-6
6.468E-6	2.3763E-6
6.517E-6	2.40799E-6
6.566E-6	2.43957E-6
6.615E-6	2.47101E-6
6.664E-6	2.5023E-6
6.713E-6	2.53343E-6
6.762E-6	2.56438E-6
6.811E-6	2.59513E-6
6.86E-6	2.62567E-6
6.909E-6	2.65598E-6
6.958E-6	2.68604E-6
7.007E-6	2.71584E-6
7.056E-6	2.74536E-6
7.105E-6	2.77458E-6
7.154E-6	2.80348E-6
7.203E-6	2.83206E-6
7.252E-6	2.86029E-6
7.301E-6	2.88815E-6
7.35E-6	2.91564E-6
7.399E-6	2.94274E-6
7.448E-6	2.96942E-6
7.497E-6	2.99569E-6
7.546E-6	3.02152E-6
7.595E-6	3.0469E-6
7.644E-6	3.07183E-6
7.693E-6	3.09628E-6
7.742E-6	3.12025E-6
7.791E-6	3.14374E-6
7.84E-6	3.16673E-6
7.889E-6	3.18921E-6
7.938E-6	3.21118E-6
7.987E-6	3.23265E-6
8.036E-6	3.25359E-6
8.085E-6	3.27402E-6
8.134E-6	3.29392E-6
8.183E-6	3.31331E-6
8.232E-6	3.33219E-6
8.281E-6	3.35054E-6
8.33E-6	3.36839E-6
8.379E-6	3.38573E-6
8.428E-6	3.40258E-6
8.477E-6	3.41893E-6
8.526E-6	3.43479E-6
8.575E-6	3.45018E-6
8.624E-6	3.4651E-6
8.673E-6	3.47956E-6
8.722E-6	3.49357E-6
8.771E-6	3.50714E-6
8.82E-6	3.52029E-6
8.869E-6	3.53302E-6
8.918E-6	3.54534E-6
8.967E-6	3.55727E-6
9.016E-6	3.56882E-6
9.065E-6	3.57999E-6
9.114E-6	3.59081E-6
9.163E-6	3.60128E-6
9.212E-6	3.61141E-6
9.261E-6	3.62122E-6
9.31E-6	3.63071E-6
9.359E-6	3.63989E-6
9.408E-6	3.64879E-6
9.457E-6	3.6574E-6
9.506E-6	3.66573E-6
9.555E-6	3.67381E-6
9.604E-6	3.68163E-6
9.653E-6	3.6892E-6
9.702E-6	3.69654E-6
9.751E-6	3.70365E-6
9.8E-6	3.71055E-6
9.849E-6	3.71723E-6
9.898E-6	3.72371E-6
9.947E-6	3.73E-6
9.996E-6	3.7361E-6
1.0045E-5	3.74202E-6
1.0094E-5	3.74776E-6
1.0143E-5	3.75333E-6
1.0192E-5	3.75875E-6
1.0241E-5	3.76401E-6
1.029E-5	3.76912E-6
1.0339E-5	3.77408E-6
1.0388E-5	3.77891E-6
1.0437E-5	3.7836E-6
1.0486E-5	3.78816E-6
1.0535E-5	3.7926E-6
1.0584E-5	3.79692E-6
1.0633E-5	3.80112E-6
1.0682E-5	3.80521E-6
1.0731E-5	3.80919E-6
1.078E-5	3.81307E-6
1.0829E-5	3.81685E-6
1.0878E-5	3.82053E-6
1.0927E-5	3.82412E-6
1.0976E-5	3.82762E-6
1.1025E-5	3.83103E-6
1.1074E-5	3.83436E-6
1.1123E-5	3.8376E-6
1.1172E-5	3.84077E-6
1.1221E-5	3.84386E-6
1.127E-5	3.84688E-6
1.1319E-5	3.84983E-6
1.1368E-5	3.8527E-6
1.1417E-5	3.85552E-6
1.1466E-5	3.85826E-6
1.1515E-5	3.86095E-6
1.1564E-5	3.86357E-6
1.1613E-5	3.86614E-6
1.1662E-5	3.86865E-6
1.1711E-5	3.8711E-6
1.176E-5	3.8735E-6
1.1809E-5	3.87585E-6
1.1858E-5	3.87815E-6
1.1907E-5	3.8804E-6
1.1956E-5	3.8826E-6
1.2005E-5	3.88476E-6
1.2054E-5	3.88687E-6
1.2103E-5	3.88894E-6
1.2152E-5	3.89097E-6
1.2201E-5	3.89296E-6
1.225E-5	3.8949E-6
1.2299E-5	3.89681E-6
1.2348E-5	3.89868E-6
1.2397E-5	3.90052E-6
1.2446E-5	3.90232E-6
1.2495E-5	3.90409E-6
1.2544E-5	3.90582E-6
1.2593E-5	3.90752E-6
1.2642E-5	3.90919E-6
1.2691E-5	3.91082E-6
1.274E-5	3.91243E-6
1.2789E-5	3.91401E-6
1.2838E-5	3.91556E-6
1.2887E-5	3.91708E-6
1.2936E-5	3.91858E-6
1.2985E-5	3.92005E-6
1.3034E-5	3.92149E-6
1.3083E-5	3.92291E-6
1.3132E-5	3.9243E-6
1.3181E-5	3.92567E-6
1.323E-5	3.92702E-6
1.3279E-5	3.92834E-6
1.3328E-5	3.92965E-6
1.3377E-5	3.93093E-6
1.3426E-5	3.93219E-6
1.3475E-5	3.93343E-6
1.3524E-5	3.93465E-6
1.3573E-5	3.93585E-6
1.3622E-5	3.93703E-6
1.3671E-5	3.93819E-6
1.372E-5	3.93933E-6
1.3769E-5	3.94046E-6
1.3818E-5	3.94157E-6
1.3867E-5	3.94266E-6
1.3916E-5	3.94373E-6
1.3965E-5	3.94479E-6
1.4014E-5	3.94583E-6
1.4063E-5	3.94686E-6
1.4112E-5	3.94787E-6
1.4161E-5	3.94887E-6
1.421E-5	3.94985E-6
1.4259E-5	3.95082E-6
1.4308E-5	3.95177E-6
1.4357E-5	3.95271E-6
1.4406E-5	3.95364E-6
1.4455E-5	3.95455E-6
1.4504E-5	3.95545E-6
1.4553E-5	3.95634E-6
1.4602E-5	3.95722E-6
1.4651E-5	3.95808E-6
1.47E-5	3.95893E-6
1.4749E-5	3.95977E-6
1.4798E-5	3.9606E-6
1.4847E-5	3.96142E-6
1.4896E-5	3.96223E-6
1.4945E-5	3.96302E-6
1.4994E-5	3.96381E-6
1.5043E-5	3.96458E-6
1.5092E-5	3.96535E-6
1.5141E-5	3.9661E-6
1.519E-5	3.96685E-6
1.5239E-5	3.96759E-6
1.5288E-5	3.96831E-6
1.5337E-5	3.96903E-6
1.5386E-5	3.96974E-6
1.5435E-5	3.97044E-6
1.5484E-5	3.97113E-6
1.5533E-5	3.97181E-6
1.5582E-5	3.97249E-6
1.5631E-5	3.97315E-6
1.568E-5	3.97381E-6
1.5729E-5	3.97446E-6
1.5778E-5	3.9751E-6
1.5827E-5	3.97574E-6
1.5876E-5	3.97636E-6
1.5925E-5	3.97698E-6
1.5974E-5	3.97759E-6
1.6023E-5	3.9782E-6
1.6072E-5	3.9788E-6
1.6121E-5	3.97939E-6
1.617E-5	3.97997E-6
1.6219E-5	3.98055E-6
1.6268E-5	3.98112E-6
1.6317E-5	3.98169E-6
1.6366E-5	3.98225E-6
1.6415E-5	3.9828E-6
1.6464E-5	3.98334E-6
1.6513E-5	3.98388E-6
1.6562E-5	3.98442E-6
1.6611E-5	3.98495E-6
1.666E-5	3.98547E-6
1.6709E-5	3.98599E-6
1.6758E-5	3.9865E-6
1.6807E-5	3.987E-6
1.6856E-5	3.9875E-6
1.6905E-5	3.988E-6
1.6954E-5	3.98849E-6
1.7003E-5	3.98897E-6
1.7052E-5	3.98945E-6
1.7101E-5	3.98993E-6
1.715E-5	3.9904E-6
1.7199E-5	3.99086E-6
1.7248E-5	3.99132E-6
1.7297E-5	3.99178E-6
1.7346E-5	3.99223E-6
1.7395E-5	3.99268E-6
1.7444E-5	3.99312E-6
1.7493E-5	3.99356E-6
1.7542E-5	3.99399E-6
1.7591E-5	3.99442E-6
1.764E-5	3.99484E-6
1.7689E-5	3.99526E-6
1.7738E-5	3.99568E-6
1.7787E-5	3.99609E-6
1.7836E-5	3.9965E-6
1.7885E-5	3.99691E-6
1.7934E-5	3.99731E-6
1.7983E-5	3.9977E-6