0	0
2E-8	5.96035E-9
4E-8	1.20934E-8
6E-8	1.84057E-8
8E-8	2.49037E-8
1E-7	3.15944E-8
1.2E-7	3.84851E-8
1.4E-7	4.55829E-8
1.6E-7	5.28957E-8
1.8E-7	6.04313E-8
2E-7	6.81979E-8
2.2E-7	7.62037E-8
2.4E-7	8.44575E-8
2.6E-7	9.2968E-8
2.8E-7	1.01744E-7
3E-7	1.10796E-7
3.2E-7	1.20132E-7
3.4E-7	1.29761E-7
3.6E-7	1.39695E-7
3.8E-7	1.49941E-7
4E-7	1.60511E-7
4.2E-7	1.71413E-7
4.4E-7	1.82658E-7
4.6E-7	1.94255E-7
4.8E-7	2.06212E-7
5E-7	2.1854E-7
5.2E-7	2.31247E-7
5.4E-7	2.44341E-7
5.6E-7	2.57829E-7
5.8E-7	2.71719E-7
6E-7	2.86017E-7
6.2E-7	3.00727E-7
6.4E-7	3.15853E-7
6.6E-7	3.314E-7
6.8E-7	3.47369E-7
7E-7	3.6376E-7
7.2E-7	3.80571E-7
7.4E-7	3.97801E-7
7.6E-7	4.15445E-7
7.8E-7	4.33496E-7
8E-7	4.51948E-7
8.2E-7	4.70789E-7
8.4E-7	4.9001E-7
8.6E-7	5.09595E-7
8.8E-7	5.29531E-7
9E-7	5.498E-7
9.2E-7	5.70384E-7
9.4E-7	5.91262E-7
9.6E-7	6.12415E-7
9.8E-7	6.33819E-7
1E-6	6.55451E-7
1.02E-6	6.77286E-7
1.04E-6	6.993E-7
1.06E-6	7.21467E-7
1.08E-6	7.43763E-7
1.1E-6	7.6616E-7
1.12E-6	7.88635E-7
1.14E-6	8.11162E-7
1.16E-6	8.33716E-7
1.18E-6	8.56274E-7
1.2E-6	8.78812E-7
1.22E-6	9.01309E-7
1.24E-6	9.23742E-7
1.26E-6	9.46093E-7
1.28E-6	9.68342E-7
1.3E-6	9.90471E-7
1.32E-6	1.01246E-6
1.34E-6	1.0343E-6
1.36E-6	1.05598E-6
1.38E-6	1.07747E-6
1.4E-6	1.09878E-6
1.42E-6	1.11988E-6
1.44E-6	1.14077E-6
1.46E-6	1.16145E-6
1.48E-6	1.18189E-6
1.5E-6	1.2021E-6
1.52E-6	1.22207E-6
1.54E-6	1.2418E-6
1.56E-6	1.26127E-6
1.58E-6	1.2805E-6
1.6E-6	1.29947E-6
1.62E-6	1.31818E-6
1.64E-6	1.33664E-6
1.66E-6	1.35484E-6
1.68E-6	1.37278E-6
1.7E-6	1.39046E-6
1.72E-6	1.40788E-6
1.74E-6	1.42504E-6
1.76E-6	1.44195E-6
1.78E-6	1.45861E-6
1.8E-6	1.47501E-6
1.82E-6	1.49116E-6
1.84E-6	1.50707E-6
1.86E-6	1.52273E-6
1.88E-6	1.53815E-6
1.9E-6	1.55332E-6
1.92E-6	1.56826E-6
1.94E-6	1.58297E-6
1.96E-6	1.59745E-6
1.98E-6	1.6117E-6
2E-6	1.62572E-6
2.02E-6	1.63953E-6
2.04E-6	1.65312E-6
2.06E-6	1.66649E-6
2.08E-6	1.67966E-6
2.1E-6	1.69261E-6
2.12E-6	1.70537E-6
2.14E-6	1.71793E-6
2.16E-6	1.73028E-6
2.18E-6	1.74245E-6
2.2E-6	1.75443E-6
2.22E-6	1.76622E-6
2.24E-6	1.77783E-6
2.26E-6	1.78926E-6
2.28E-6	1.80051E-6
2.3E-6	1.81159E-6
2.32E-6	1.8225E-6
2.34E-6	1.83325E-6
2.36E-6	1.84383E-6
2.38E-6	1.85425E-6
2.4E-6	1.86451E-6
2.42E-6	1.87462E-6
2.44E-6	1.88458E-6
2.46E-6	1.89439E-6
2.48E-6	1.90405E-6
2.5E-6	1.91358E-6
2.52E-6	1.92296E-6
2.54E-6	1.9322E-6
2.56E-6	1.94131E-6
2.58E-6	1.95029E-6
2.6E-6	1.95913E-6
2.62E-6	1.96785E-6
2.64E-6	1.97645E-6
2.66E-6	1.98492E-6
2.68E-6	1.99327E-6
2.7E-6	2.0015E-6
2.72E-6	2.00962E-6
2.74E-6	2.01763E-6
2.76E-6	2.02552E-6
2.78E-6	2.0333E-6
2.8E-6	2.04098E-6
2.82E-6	2.04855E-6
2.84E-6	2.05602E-6
2.86E-6	2.06338E-6
2.88E-6	2.07065E-6
2.9E-6	2.07782E-6
2.92E-6	2.08489E-6
2.94E-6	2.09187E-6
2.96E-6	2.09876E-6
2.98E-6	2.10555E-6
3E-6	2.11226E-6
3.02E-6	2.11888E-6
3.04E-6	2.12541E-6
3.06E-6	2.13186E-6
3.08E-6	2.13823E-6
3.1E-6	2.14451E-6
3.12E-6	2.15072E-6
3.14E-6	2.15685E-6
3.16E-6	2.16289E-6
3.18E-6	2.16887E-6
3.2E-6	2.17477E-6
3.22E-6	2.18059E-6
3.24E-6	2.18635E-6
3.26E-6	2.19203E-6
3.28E-6	2.19765E-6
3.3E-6	2.20319E-6
3.32E-6	2.20867E-6
3.34E-6	2.21408E-6
3.36E-6	2.21943E-6
3.38E-6	2.22472E-6
3.4E-6	2.22994E-6
3.42E-6	2.2351E-6
3.44E-6	2.2402E-6
3.46E-6	2.24524E-6
3.48E-6	2.25022E-6
3.5E-6	2.25515E-6
3.52E-6	2.26002E-6
3.54E-6	2.26483E-6
3.56E-6	2.26958E-6
3.58E-6	2.27429E-6
3.6E-6	2.27894E-6
3.62E-6	2.28354E-6
3.64E-6	2.28808E-6
3.66E-6	2.29258E-6
3.68E-6	2.29703E-6
3.7E-6	2.30143E-6
3.72E-6	2.30578E-6
3.74E-6	2.31008E-6
3.76E-6	2.31433E-6
3.78E-6	2.31854E-6
3.8E-6	2.32271E-6
3.82E-6	2.32683E-6
3.84E-6	2.3309E-6
3.86E-6	2.33494E-6
3.88E-6	2.33893E-6
3.9E-6	2.34288E-6
3.92E-6	2.34678E-6
3.94E-6	2.35065E-6
3.96E-6	2.35448E-6
3.98E-6	2.35827E-6
4E-6	2.36202E-6
4.02E-6	2.36573E-6
4.04E-6	2.3694E-6
4.06E-6	2.37303E-6
4.08E-6	2.37663E-6
4.1E-6	2.3802E-6
4.12E-6	2.38372E-6
4.14E-6	2.38722E-6
4.16E-6	2.39068E-6
4.18E-6	2.3941E-6
4.2E-6	2.39749E-6
4.22E-6	2.40085E-6
4.24E-6	2.40417E-6
4.26E-6	2.40747E-6
4.28E-6	2.41073E-6
4.3E-6	2.41396E-6
4.32E-6	2.41716E-6
4.34E-6	2.42032E-6
4.36E-6	2.42346E-6
4.38E-6	2.42657E-6
4.4E-6	2.42965E-6
4.42E-6	2.43271E-6
4.44E-6	2.43573E-6
4.46E-6	2.43872E-6
4.48E-6	2.44169E-6
4.5E-6	2.44463E-6
4.52E-6	2.44755E-6
4.54E-6	2.45043E-6
4.56E-6	2.45329E-6
4.58E-6	2.45613E-6
4.6E-6	2.45894E-6
4.62E-6	2.46172E-6
4.64E-6	2.46448E-6
4.66E-6	2.46722E-6
4.68E-6	2.46993E-6
4.7E-6	2.47262E-6
4.72E-6	2.47528E-6
4.74E-6	2.47792E-6
4.76E-6	2.48054E-6
4.78E-6	2.48313E-6
4.8E-6	2.48571E-6
4.82E-6	2.48826E-6
4.84E-6	2.49079E-6
4.86E-6	2.49329E-6
4.88E-6	2.49578E-6
4.9E-6	2.49824E-6
4.92E-6	2.50069E-6
4.94E-6	2.50311E-6
4.96E-6	2.50552E-6
4.98E-6	2.5079E-6
5E-6	2.51026E-6
5.02E-6	2.51261E-6
5.04E-6	2.51493E-6
5.06E-6	2.51724E-6
5.08E-6	2.51953E-6
5.1E-6	2.5218E-6
5.12E-6	2.52405E-6
5.14E-6	2.52628E-6
5.16E-6	2.52849E-6
5.18E-6	2.53069E-6
5.2E-6	2.53287E-6
5.22E-6	2.53503E-6
5.24E-6	2.53718E-6
5.26E-6	2.5393E-6
5.28E-6	2.54142E-6
5.3E-6	2.54351E-6
5.32E-6	2.54559E-6
5.34E-6	2.54765E-6
5.36E-6	2.5497E-6
5.38E-6	2.55173E-6
5.4E-6	2.55374E-6
5.42E-6	2.55574E-6
5.44E-6	2.55773E-6
5.46E-6	2.5597E-6
5.48E-6	2.56165E-6
5.5E-6	2.56359E-6
5.52E-6	2.56552E-6
5.54E-6	2.56743E-6
5.56E-6	2.56932E-6
5.58E-6	2.5712E-6
5.6E-6	2.57307E-6
5.62E-6	2.57493E-6
5.64E-6	2.57677E-6
5.66E-6	2.5786E-6
5.68E-6	2.58041E-6
5.7E-6	2.58221E-6
5.72E-6	2.584E-6
5.74E-6	2.58577E-6
5.76E-6	2.58754E-6
5.78E-6	2.58929E-6
5.8E-6	2.59102E-6
5.82E-6	2.59275E-6
5.84E-6	2.59446E-6
5.86E-6	2.59616E-6
5.88E-6	2.59785E-6
5.9E-6	2.59953E-6
5.92E-6	2.60119E-6
5.94E-6	2.60284E-6
5.96E-6	2.60449E-6
5.98E-6	2.60612E-6
6E-6	2.60774E-6
6.02E-6	2.60934E-6
6.04E-6	2.61094E-6
6.06E-6	2.61253E-6
6.08E-6	2.6141E-6
6.1E-6	2.61567E-6
6.12E-6	2.61722E-6
6.14E-6	2.61876E-6
6.16E-6	2.6203E-6
6.18E-6	2.62182E-6
6.2E-6	2.62333E-6
6.22E-6	2.62483E-6
6.24E-6	2.62633E-6
6.26E-6	2.62781E-6
6.28E-6	2.62928E-6
6.3E-6	2.63074E-6
6.32E-6	2.6322E-6
6.34E-6	2.63364E-6
6.36E-6	2.63508E-6
6.38E-6	2.6365E-6
6.4E-6	2.63792E-6
6.42E-6	2.63932E-6
6.44E-6	2.64072E-6
6.46E-6	2.64211E-6
6.48E-6	2.64349E-6
6.5E-6	2.64486E-6
6.52E-6	2.64622E-6
6.54E-6	2.64758E-6
6.56E-6	2.64892E-6
6.58E-6	2.65026E-6
6.6E-6	2.65159E-6
6.62E-6	2.65291E-6
6.64E-6	2.65422E-6
6.66E-6	2.65552E-6
6.68E-6	2.65682E-6
6.7E-6	2.65811E-6
6.72E-6	2.65939E-6
6.74E-6	2.66066E-6
6.76E-6	2.66192E-6
6.78E-6	2.66318E-6
6.8E-6	2.66443E-6
6.82E-6	2.66567E-6
6.84E-6	2.6669E-6
6.86E-6	2.66813E-6
6.88E-6	2.66935E-6
6.9E-6	2.67056E-6
6.92E-6	2.67176E-6
6.94E-6	2.67296E-6
6.96E-6	2.67415E-6
6.98E-6	2.67533E-6
7E-6	2.67651E-6
7.02E-6	2.67768E-6
7.04E-6	2.67884E-6
7.06E-6	2.67999E-6
7.08E-6	2.68114E-6
7.1E-6	2.68228E-6
7.12E-6	2.68342E-6
7.14E-6	2.68455E-6
7.16E-6	2.68567E-6
7.18E-6	2.68678E-6
7.2E-6	2.68789E-6
7.22E-6	2.689E-6
7.24E-6	2.69009E-6
7.26E-6	2.69118E-6
7.28E-6	2.69227E-6
7.3E-6	2.69334E-6
7.32E-6	2.69442E-6
7.34E-6	2.69548E-6
7.36E-6	2.69654E-6
7.38E-6	2.6976E-6
7.4E-6	2.69864E-6
7.42E-6	2.69969E-6
7.44E-6	2.70072E-6
7.46E-6	2.70175E-6
7.48E-6	2.70278E-6
7.5E-6	2.7038E-6
7.52E-6	2.70481E-6
7.54E-6	2.70582E-6
7.56E-6	2.70682E-6
7.58E-6	2.70782E-6
7.6E-6	2.70881E-6
7.62E-6	2.70979E-6
7.64E-6	2.71077E-6
7.66E-6	2.71175E-6
7.68E-6	2.71272E-6
7.7E-6	2.71368E-6
7.72E-6	2.71464E-6
7.74E-6	2.7156E-6
7.76E-6	2.71655E-6
7.78E-6	2.71749E-6
7.8E-6	2.71843E-6
7.82E-6	2.71937E-6
7.84E-6	2.7203E-6
7.86E-6	2.72122E-6
7.88E-6	2.72214E-6
7.9E-6	2.72306E-6
7.92E-6	2.72397E-6
7.94E-6	2.72487E-6
7.96E-6	2.72577E-6
7.98E-6	2.72667E-6
8E-6	2.72756E-6
8.02E-6	2.72845E-6
8.04E-6	2.72933E-6
8.06E-6	2.73021E-6
8.08E-6	2.73108E-6
8.1E-6	2.73195E-6
8.12E-6	2.73282E-6
8.14E-6	2.73368E-6
8.16E-6	2.73453E-6
8.18E-6	2.73538E-6
8.2E-6	2.73623E-6
8.22E-6	2.73707E-6
8.24E-6	2.73791E-6
8.26E-6	2.73875E-6
8.28E-6	2.73958E-6
8.3E-6	2.7404E-6
8.32E-6	2.74122E-6
8.34E-6	2.74204E-6
8.36E-6	2.74286E-6
8.38E-6	2.74367E-6
8.4E-6	2.74447E-6
8.42E-6	2.74527E-6
8.44E-6	2.74607E-6
8.46E-6	2.74687E-6
8.48E-6	2.74766E-6
8.5E-6	2.74844E-6
8.52E-6	2.74923E-6
8.54E-6	2.75E-6
8.56E-6	2.75078E-6
8.58E-6	2.75155E-6
8.6E-6	2.75232E-6
8.62E-6	2.75308E-6
8.64E-6	2.75384E-6
8.66E-6	2.7546E-6
8.68E-6	2.75535E-6
8.7E-6	2.7561E-6
8.72E-6	2.75685E-6
8.74E-6	2.75759E-6
8.76E-6	2.75833E-6
8.78E-6	2.75907E-6
8.8E-6	2.7598E-6
8.82E-6	2.76053E-6
8.84E-6	2.76125E-6
8.86E-6	2.76197E-6
8.88E-6	2.76269E-6
8.9E-6	2.76341E-6
8.92E-6	2.76412E-6
8.94E-6	2.76483E-6
8.96E-6	2.76553E-6
8.98E-6	2.76623E-6
9E-6	2.76693E-6
9.02E-6	2.76763E-6
9.04E-6	2.76832E-6
9.06E-6	2.76901E-6
9.08E-6	2.7697E-6
9.1E-6	2.77038E-6
9.12E-6	2.77106E-6
9.14E-6	2.77174E-6
9.16E-6	2.77241E-6
9.18E-6	2.77308E-6
9.2E-6	2.77375E-6
9.22E-6	2.77441E-6
9.24E-6	2.77508E-6
9.26E-6	2.77573E-6
9.28E-6	2.77639E-6
9.3E-6	2.77704E-6
9.32E-6	2.77769E-6
9.34E-6	2.77834E-6
9.36E-6	2.77899E-6
9.38E-6	2.77963E-6
9.4E-6	2.78027E-6
9.42E-6	2.7809E-6
9.44E-6	2.78154E-6
9.46E-6	2.78217E-6
9.48E-6	2.78279E-6
9.5E-6	2.78342E-6
9.52E-6	2.78404E-6
9.54E-6	2.78466E-6
9.56E-6	2.78528E-6
9.58E-6	2.78589E-6
9.6E-6	2.7865E-6
9.62E-6	2.78711E-6
9.64E-6	2.78772E-6
9.66E-6	2.78832E-6
9.68E-6	2.78892E-6
9.7E-6	2.78952E-6
9.72E-6	2.79012E-6
9.74E-6	2.79071E-6
9.76E-6	2.7913E-6
9.78E-6	2.79189E-6
9.8E-6	2.79248E-6
9.82E-6	2.79306E-6
9.84E-6	2.79364E-6
9.86E-6	2.79422E-6
9.88E-6	2.7948E-6
9.9E-6	2.79537E-6
9.92E-6	2.79595E-6
9.94E-6	2.79651E-6
9.96E-6	2.79708E-6
9.98E-6	2.79765E-6
1E-5	2.79821E-6
1.002E-5	2.79877E-6
1.004E-5	2.79933E-6
1.006E-5	2.79988E-6
1.008E-5	2.80043E-6
1.01E-5	2.80099E-6
1.012E-5	2.80153E-6
1.014E-5	2.80208E-6
1.016E-5	2.80262E-6
1.018E-5	2.80317E-6
1.02E-5	2.80371E-6
1.022E-5	2.80424E-6
1.024E-5	2.80478E-6
1.026E-5	2.80531E-6
1.028E-5	2.80584E-6
1.03E-5	2.80637E-6
1.032E-5	2.8069E-6
1.034E-5	2.80742E-6
1.036E-5	2.80795E-6
1.038E-5	2.80847E-6
1.04E-5	2.80899E-6
1.042E-5	2.8095E-6